0.899 29.312
1.859 29.375
2.819 29.312
3.779 29.375
4.739 29.375
5.699 29.375
6.66 29.5
7.619 30.562
8.579 30.562
9.539 33.687
10.499 35.125
11.459 36.5
12.419 37.75
13.379 38.937
14.339 40.0
15.299 40.937
16.259 41.937
17.219 42.812
18.18 43.625
19.139 44.375
20.099 45.062
21.059 45.75
22.019 46.437
22.979 47.0
23.939 47.625
24.899 48.125
25.859 48.625
26.819 49.125
27.779 49.562
28.739 49.937
29.699 50.375
30.659 50.75
31.62 51.062
32.579 51.375
33.539 51.687
34.499 52.0
35.459 52.25
36.419 52.5
37.379 52.75
38.339 53.0
39.299 53.25
40.259 53.437
41.219 53.625
42.179 53.812
43.14 54.0
44.1 54.187
45.059 54.312
46.019 54.5
46.979 54.625
47.939 54.75
48.899 54.875
49.859 55.0
50.819 55.125
51.78 55.187
52.739 55.312
53.699 55.437
54.659 55.5
55.619 55.562
56.579 55.687
57.539 55.687
58.499 55.75
59.459 55.875
60.419 55.937
61.379 55.937
62.339 56.0
63.299 56.062000000000005
64.259 56.062000000000005
65.219 56.125
66.179 56.187000000000005
67.139 56.187000000000005
68.099 56.187000000000005
69.059 56.25
70.019 56.25
70.979 56.25
71.939 56.25
72.899 56.312000000000005
73.859 56.312000000000005
74.819 56.312000000000005
75.78 56.312000000000005
76.739 56.375
77.699 56.375
78.659 56.375
79.619 56.375
80.583 56.375
81.539 56.375
82.499 56.437000000000005
83.459 56.437000000000005
84.419 56.437000000000005
85.379 56.437000000000005
86.339 56.437000000000005
87.299 56.437000000000005
88.259 56.437000000000005
89.22 56.437000000000005
90.179 56.5
91.139 56.5
92.099 56.5
93.059 56.5
94.019 56.5
94.979 56.5
95.939 56.5
96.899 56.5
97.859 56.562000000000005
98.819 56.5
99.779 56.5
100.739 56.5
101.699 56.562000000000005
102.659 56.562000000000005
103.619 56.562000000000005
104.579 56.562000000000005
105.539 56.562000000000005
106.499 56.562000000000005
107.459 56.562000000000005
108.419 56.562000000000005
109.379 56.562000000000005
110.339 56.562000000000005
111.299 56.625
112.26 56.625
113.22 56.625
114.179 56.625
115.14 56.625
116.099 56.625
117.059 56.625
118.019 56.625
118.979 56.625
119.939 56.625
120.899 56.625
121.859 56.625
122.819 56.625
123.78 56.625
124.739 56.687000000000005
125.699 56.625
126.659 56.625
127.619 56.625
128.579 56.687000000000005
129.539 56.687000000000005
130.499 56.625
131.459 56.687000000000005
132.42 56.687000000000005
133.379 56.687000000000005
