0.868 31.0
1.828 31.0
2.789 31.062
3.748 31.062
4.708 31.062
5.668 31.062
6.628 31.062
7.588 31.062
8.548 31.062
9.508 31.062
10.468 31.062
11.428 31.062
12.388 31.062
13.348 31.062
14.308 31.062
15.268 31.375
16.228 31.875
17.188 32.312
18.148 32.75
19.108 33.125
20.068 33.562
21.028 33.875
21.988 34.187
22.948 34.5
23.908 34.812
24.868 35.062
25.828 35.312
26.788 35.562
27.748 35.75
28.708 35.937
29.668 36.125
30.628 36.312
31.588 36.5
32.548 36.625
33.508 36.812
34.468 36.937
35.428 37.062
36.388 37.187
37.348 37.312
38.308 37.437
39.268 37.5
40.228 37.625
41.188 37.687
42.148 37.812
43.108 37.875
44.068 38.0
45.028 38.062
45.988 38.125
46.958 38.187
47.908 38.25
48.868 38.312
49.828 38.437
50.788 38.437
51.748 38.5
52.708 38.562
53.668 38.625
54.628 38.687
55.588 38.687
56.548 38.75
57.508 38.812
58.468 38.812
59.428 38.875
60.388 38.937
61.348 38.937
62.308 39.0
63.268 39.0
64.228 39.062
65.189 39.062
66.148 39.125
67.108 39.125
68.068 39.125
69.028 39.187
69.988 39.187
70.948 39.187
71.908 39.187
72.868 39.25
73.828 39.25
74.788 39.25
75.748 39.25
76.708 39.25
77.668 39.312
78.628 39.312
79.588 39.312
80.548 39.375
81.508 39.375
82.468 39.375
83.428 39.375
84.389 39.375
86.228 39.437
87.188 39.375
88.148 39.437
89.108 39.437
90.068 39.437
91.028 39.437
91.988 39.437
92.948 39.437
93.908 39.5
94.868 39.5
95.828 39.5
96.788 39.5
97.748 39.5
98.708 39.5
99.668 39.5
100.628 39.5
101.588 39.5
102.548 39.5
103.508 39.5
104.468 39.562
105.428 39.5
106.388 39.5
107.348 39.5
108.308 39.5
109.268 39.5
110.228 39.5
111.188 39.5
112.148 39.5
113.108 39.5
114.068 39.5
115.028 39.562
115.989 39.5
116.948 39.5
117.908 39.5
118.868 39.5
119.829 39.5
120.788 39.5
121.748 39.5
122.708 39.437
123.668 39.5
124.628 39.5
125.588 39.5
126.548 39.437
127.508 39.5
128.468 39.437
129.428 39.437
130.388 39.437
131.348 39.437
132.308 39.437
133.268 39.437
