0.898 27.937
1.858 27.937
2.818 27.937
3.778 27.937
4.738 27.937
5.698 28.125
6.658 28.625
7.618 29.187
8.578 29.75
9.538 30.25
10.498 30.687
11.458 31.125
12.418 31.562
13.377 31.937
14.338 32.25
15.298 32.625
16.258 32.937
17.218 33.187
18.178 33.437
19.138 33.687
20.098 33.937
21.058 34.187
22.018 34.375
22.978 34.562
23.938 34.75
24.898 34.937
25.858 35.125
26.817 35.25
27.778 35.375
28.738 35.5
29.698 35.687
30.658 35.812
31.618 35.875
32.578 36.0
33.538 36.125
34.498 36.25
35.458 36.312
36.418 36.375
37.378 36.437
38.338 36.562
39.298 36.625
40.258 36.687
41.218 36.812
42.178 36.875
43.138 36.937
44.098 36.937
45.058 37.0
46.018 37.062
46.978 37.125
47.938 37.187
48.898 37.187
49.858 37.25
50.818 37.25
51.778 37.375
52.738 37.375
53.698 37.437
54.659 37.437
55.618 37.5
56.578 37.5
57.538 37.562
58.498 37.562
59.458 37.625
60.418 37.625
61.378 37.687
62.338 37.687
63.298 37.687
64.258 37.75
65.218 37.75
66.178 37.75
67.138 37.812
68.098 37.812
69.058 37.812
70.018 37.875
70.978 37.875
71.938 37.875
72.898 37.875
73.858 37.937
74.818 37.937
75.778 37.937
76.738 37.937
77.698 38.0
78.658 38.0
79.618 37.937
80.578 38.0
81.538 38.0
82.498 38.0
83.458 38.0
84.418 38.0
85.378 38.062
86.338 38.062
87.298 38.062
88.258 38.062
89.218 38.062
90.178 38.062
91.138 38.062
92.098 38.062
93.058 38.125
94.017 38.125
94.978 38.125
95.938 38.062
96.898 38.125
97.858 38.125
98.818 38.125
99.778 38.125
100.738 38.125
101.698 38.125
102.658 38.187
103.618 38.125
104.578 38.125
105.538 38.125
106.498 38.125
107.458 38.125
108.418 38.187
109.378 38.187
110.338 38.187
111.298 38.187
112.258 38.187
