0.873 28.562
1.833 28.625
2.793 28.625
3.753 28.625
4.713 28.687
5.673 28.687
6.633 28.687
7.593 28.75
8.553 28.75
9.513 28.75
10.473 28.812
11.433 28.812
12.393 28.875
13.353 29.625
14.313 30.812
15.273 32.125
16.233 33.312
17.193 34.5
18.153 35.562
19.113 36.625
20.073 37.562
21.033 38.437
21.993 39.25
22.953 40.0
23.913 40.687
24.873 41.375
25.833 42.0
26.793 42.562
27.753 43.125
28.713 43.687
29.673 44.125
30.633 44.625
31.593 45.062
32.553 45.437
33.513 45.812
34.473 46.187
35.433 46.562
36.393 46.812
37.353 47.125
38.313 47.5
39.273 47.75
40.233 48.0
41.193 48.25
42.153 48.5
43.113 48.687
44.073 48.937
45.033 49.125
45.993 49.312
46.96 49.5
47.913 49.687
48.873 49.875
49.833 50.062
50.793 50.187
51.753 50.375
52.713 50.437
53.673 50.562
54.633 50.687
55.593 50.875
56.553 51.0
57.513 51.062
58.473 51.187
59.433 51.25
60.393 51.375
61.353 51.437
62.313 51.5
63.273 51.562
64.233 51.625
65.193 51.75
66.153 51.75
67.113 51.812
68.953 51.937
69.913 52.0
70.873 52.062
71.833 52.062
72.793 52.125
73.753 52.187
74.713 52.25
75.673 52.25
76.633 52.312
77.593 52.312
78.553 52.375
79.513 52.375
80.473 52.437
81.433 52.5
82.395 52.5
83.353 52.562
84.313 52.562
85.273 52.625
86.233 52.625
87.193 52.625
88.153 52.687
89.113 52.687
90.073 52.687
91.033 52.75
91.993 52.75
92.953 52.75
93.913 52.812
94.873 52.812
95.833 52.812
96.793 52.812
97.753 52.875
98.713 52.875
99.673 52.875
100.633 52.875
101.593 52.875
102.553 52.875
103.513 52.875
104.473 52.875
105.433 52.875
106.393 52.875
107.353 52.875
108.313 52.875
109.273 52.875
110.233 52.875
111.193 52.875
112.153 52.875
113.113 52.875
114.073 52.875
115.033 52.875
115.993 52.812
116.953 52.875
117.913 52.875
118.873 52.875
119.833 52.875
120.793 52.875
121.753 52.875
122.713 52.875
123.673 52.875
124.633 52.875
125.593 52.875
126.553 52.875
127.513 52.937
128.473 52.937
129.433 52.937
130.393 52.937
131.353 52.937
132.313 52.937
133.273 52.937
134.233 52.937
135.193 52.937
136.153 52.937
137.113 52.937
138.073 52.937
139.033 52.937
139.993 53.0
