0.915 30.187
1.875 30.187
2.835 30.187
3.795 30.187
4.755 30.187
5.716 30.187
6.675 30.187
7.635 30.187
8.595 29.25
9.555 28.312
10.515 27.437
11.475 26.5
12.435 25.625
13.395 24.75
14.355 24.0
15.315 23.25
16.275 22.562
17.235 22.0
18.195 21.375
19.155 20.812
20.115 20.25
21.075 19.812
22.035 19.312
22.995 18.875
23.955 18.5
24.915 18.062
25.875 17.75
26.835 17.375
27.795 17.375
28.755 16.75
29.715 16.437
30.675 16.187
31.635 15.875
32.595 15.625
33.555 15.375
34.515 15.125
35.475 14.937000000000001
36.435 14.687000000000001
37.395 14.5
38.355 14.312000000000001
39.315 14.125
40.275 13.937000000000001
41.235 13.812000000000001
42.195 13.625
43.155 13.5
44.115 13.375
45.075 13.25
46.035 13.125
46.995 13.0
47.955 12.875
48.916 12.812
49.875 12.687
50.835 12.562
51.795 12.5
52.755 12.437
53.715 12.312
54.675 12.25
55.635 12.187
56.596 12.125
57.555 12.0
58.516 12.0
59.475 11.937
60.435 11.812
61.395 11.812
62.355 11.75
63.315 11.687
64.275 11.625
65.235 11.625
66.195 11.562
67.155 11.5
68.115 11.437
69.075 11.437
70.035 11.375
70.995 11.375
71.955 11.312
72.915 11.312
73.875 11.25
74.835 11.25
75.795 11.187
76.756 11.187
77.716 11.125
78.675 11.062
79.635 11.062
80.595 11.062
81.555 11.0
82.515 11.0
83.475 11.0
84.435 10.875
85.395 10.875
86.355 10.875
87.315 10.812
88.275 10.812
89.235 10.812
90.195 10.812
91.155 10.75
92.116 10.812
93.075 10.75
94.035 10.75
94.995 10.75
95.955 10.687
97.796 10.687
98.755 10.687
99.715 10.625
100.675 10.687
101.635 10.625
102.595 10.625
103.555 10.625
104.516 10.625
105.475 10.625
106.435 10.625
107.395 10.625
108.355 10.562
109.316 10.562
110.275 10.562
111.235 10.562
112.195 10.562
113.155 10.562
114.115 10.562
115.075 10.5
116.035 10.562
116.995 10.5
117.955 10.5
118.915 10.5
120.035 10.5
120.995 10.5
121.955 10.5
122.915 10.5
