0.939 30.375
1.899 30.375
2.859 30.437
3.819 30.437
4.779 30.5
5.739 30.5
6.739 30.5
7.739 30.562
8.699 30.687
9.659 30.75
10.619 30.812
11.579 30.875
12.539 30.937
13.499 31.0
14.459 31.0
15.419 31.062
16.379 31.125
17.339 31.187
18.299 31.25
19.259 31.25
20.219 31.312
21.179 31.375
22.139 31.375
23.099 31.437
24.059 31.437
25.019 31.5
25.979 31.5
26.939 31.562
27.899 31.562
28.859 31.562
29.819 31.625
30.779 31.625
31.739 31.625
32.699 31.687
33.659 31.687
34.619 31.75
35.579 31.75
36.539 31.75
37.499 31.75
38.459 31.75
39.419 31.812
40.379 31.812
41.339 31.812
42.299 31.875
43.259 31.875
44.219 31.875
45.179 31.875
46.139 31.875
47.099 31.875
48.059 31.937
49.019 31.875
49.979 31.875
50.939 31.937
51.899 31.937
52.859 31.937
53.819 31.937
54.779 31.937
55.739 31.937
56.699 31.937
57.659 31.937
58.619 32.0
59.579 31.937
60.539 32.0
61.499 32.0
62.459 32.0
63.419 32.0
64.379 32.0
65.339 32.0
66.299 32.0
67.259 32.0
68.219 32.0
69.179 32.0
70.139 32.0
71.099 32.0
72.059 32.0
73.019 32.0
73.979 32.0
74.939 32.0
75.899 32.0
76.859 32.0
