0.919 30.562
1.879 30.625
2.839 30.687
3.799 30.75
4.759 30.812
5.719 30.875
6.679 30.937
7.639 31.0
8.599 31.062
9.559 31.125
10.519 31.187
11.479 31.25
12.439 31.875
13.399 32.687
14.359 33.562
15.319 34.375
16.28 35.187
17.239 36.0
18.199 36.687
19.159 37.312
20.119 38.0
21.079 38.562
22.039 39.125
22.999 39.625
23.959 40.062
24.92 40.5
25.879 40.937
26.839 41.312
27.799 41.687
28.759 42.0
29.719 42.312
30.679 42.625
31.639 42.937
32.599 43.187
33.559 43.437
34.519 43.687
35.479 43.875
36.439 44.125
37.439 44.312
38.439 44.5
39.399 44.687
40.359 44.812
41.32 45.0
42.279 45.125
43.239 45.312
44.199 45.437
45.159 45.562
46.119 45.687
47.079 45.812
48.039 45.875
48.999 46.0
49.959 46.125
50.919 46.187
51.879 46.312
52.839 46.437
53.799 46.437
54.759 46.562
55.719 46.625
56.679 46.687
57.639 46.75
58.599 46.812
59.56 46.875
60.519 46.937
61.479 47.0
62.439 47.062
63.399 47.062
64.359 47.125
65.319 47.187
66.279 47.25
67.239 47.25
68.199 47.312
69.159 47.312
70.119 47.375
71.079 47.437
72.039 47.437
72.999 47.5
73.959 47.5
74.919 47.5
75.879 47.562
76.839 47.562
77.799 47.562
78.759 47.625
79.719 47.625
80.679 47.687
81.639 47.687
82.599 47.687
83.559 47.75
84.519 47.75
85.479 47.75
86.439 47.75
87.399 47.812
88.359 47.812
89.319 47.812
90.279 47.812
91.239 47.812
92.199 47.875
93.159 47.875
94.119 47.875
95.079 47.875
96.039 47.875
96.999 47.875
97.959 47.937
98.919 47.875
99.879 47.937
100.839 47.937
101.799 47.937
102.759 47.937
103.719 47.937
104.679 47.937
105.639 47.937
106.599 47.937
107.559 47.937
108.519 47.937
109.479 47.937
110.439 47.937
111.399 47.937
112.359 47.937
113.319 47.937
114.279 47.937
115.239 47.937
116.199 47.937
117.159 47.937
118.119 47.937
119.079 47.937
120.039 47.937
120.999 47.937
121.959 47.937
122.919 47.937
123.879 47.937
124.839 47.937
125.799 47.937
126.759 47.937
127.719 47.937
128.679 47.937
129.639 47.937
130.599 47.937
131.559 47.937
132.52 47.937
133.479 47.937
134.439 47.937
135.399 47.937
