0.86 30.562
1.82 30.562
2.78 30.562
3.74 30.5
4.7 30.562
5.66 30.562
6.62 30.5
7.58 30.5
8.54 30.5
9.5 30.5
10.46 30.562
11.42 30.875
12.38 31.25
13.34 31.562
14.3 31.937
15.26 32.187
16.22 32.5
17.18 32.75
18.14 33.0
19.1 33.187
20.06 33.437
21.02 33.687
21.98 33.812
22.94 34.0
23.9 34.187
24.86 34.375
25.82 34.5
26.78 34.687
27.74 34.812
28.7 34.937
29.66 35.062
30.62 35.187
31.58 35.25
32.54 35.375
33.5 35.437
34.46 35.562
35.42 35.625
36.38 35.75
37.34 35.812
38.3 35.875
39.26 35.937
40.22 36.0
41.18 36.062
42.14 36.125
43.1 36.125
44.06 36.25
45.02 36.312
45.98 36.375
46.94 36.375
47.9 36.437
48.86 36.5
49.82 36.5
50.78 36.562
51.74 36.625
52.7 36.625
53.66 36.687
54.62 36.687
55.58 36.75
56.54 36.75
57.5 36.812
58.46 36.812
59.42 36.812
60.38 36.875
61.34 36.875
62.3 36.875
63.26 36.937
64.22 36.937
65.18 36.937
66.14 37.0
67.1 37.0
68.06 37.0
69.02 37.062
69.98 37.0
70.94 37.062
71.9 37.062
72.86 37.062
73.82 37.062
74.78 37.062
75.74 37.062
76.7 37.125
77.66 37.125
78.62 37.125
79.58 37.125
80.54 37.125
81.5 37.125
82.46 37.125
83.42 37.125
84.38 37.125
85.34 37.187
86.3 37.125
87.26 37.187
88.22 37.125
89.18 37.187
90.14 37.187
91.1 37.187
92.06 37.187
93.02 37.187
93.98 37.187
94.94 37.25
95.9 37.187
96.86 37.25
97.82 37.25
98.78 37.25
99.74 37.25
100.7 37.25
101.66 37.187
102.62 37.25
103.58 37.25
104.54 37.25
105.5 37.25
106.46 37.25
107.42 37.25
108.38 37.25
109.34 37.25
110.3 37.25
111.26 37.25
112.22 37.25
113.18 37.25
114.14 37.25
115.1 37.25
116.06 37.25
117.02 37.25
117.98 37.25
118.94 37.25
119.9 37.25
120.86 37.25
121.82 37.25
122.78 37.25
123.98 37.25
