0.87 29.312
1.83 29.375
2.79 29.437
3.75 29.437
4.71 29.437
5.67 29.5
6.63 29.687
7.59 30.5
8.55 31.437
9.51 32.312
10.47 33.187
11.43 33.937
12.39 34.687
13.35 35.437
14.31 36.062
15.27 36.687
16.23 37.187
17.19 37.75
18.15 38.25
19.11 38.687
20.07 39.125
21.03 39.5
21.99 39.875
22.95 40.25
23.911 40.562
24.87 40.875
25.83 41.187
26.79 41.5
27.75 41.687
28.71 42.0
29.67 42.187
30.63 42.437
31.59 42.625
32.55 42.875
33.51 43.0
34.47 43.187
35.43 43.375
36.39 43.562
37.351 43.687
38.31 43.812
39.27 43.937
40.27 44.062
41.27 44.187
42.23 44.312
43.19 44.437
44.15 44.5
45.11 44.625
46.07 44.75
47.03 44.812
47.99 44.875
48.95 44.937
49.91 45.062
50.87 45.125
51.83 45.187
52.79 45.25
53.75 45.312
54.71 45.375
55.67 45.375
56.63 45.437
57.59 45.5
58.55 45.562
59.51 45.562
60.47 45.625
61.43 45.687
62.39 45.687
63.35 45.75
64.31 45.75
65.27 45.812
66.23 45.875
67.19 45.875
68.15 45.875
69.11 45.937
70.07 45.937
71.03 45.937
71.99 46.0
72.95 46.0
73.91 46.0
74.87 46.062
75.83 46.062
76.79 46.062
77.75 46.062
78.71 46.125
79.67 46.125
80.63 46.125
81.59 46.125
82.55 46.187
83.51 46.125
84.47 46.187
85.43 46.187
86.39 46.187
87.35 46.187
88.31 46.187
89.27 46.187
90.23 46.187
91.19 46.25
92.15 46.25
93.11 46.25
94.07 46.25
95.03 46.187
95.991 46.25
96.95 46.187
97.91 46.187
98.87 46.25
99.83 46.25
100.79 46.25
101.75 46.25
102.71 46.25
103.67 46.25
104.63 46.25
105.59 46.25
106.55 46.25
107.51 46.25
108.47 46.25
109.43 46.25
110.39 46.25
111.35 46.312
112.31 46.312
113.27 46.312
114.23 46.25
115.191 46.25
116.15 46.25
117.11 46.312
118.07 46.312
119.03 46.312
119.99 46.312
120.951 46.312
121.91 46.312
122.87 46.312
123.83 46.312
124.79 46.312
125.75 46.312
126.71 46.312
127.67 46.312
128.63 46.312
