0.891 30.0
1.851 30.0
2.811 30.062
3.771 30.062
4.731 30.062
5.691 30.062
6.651 30.125
7.611 30.062
8.574 30.125
9.531 30.187
10.491 30.187
11.451 30.25
12.411 30.312
13.371 30.312
14.331 30.375
15.291 30.375
16.251 30.437
17.211 30.437
18.171 30.437
19.131 30.5
20.091 30.5
21.932 30.562
22.891 30.562
23.851 30.625
24.811 30.625
25.771 30.625
26.731 30.687
27.691 30.687
28.652 30.687
29.611 30.75
30.571 30.75
31.531 30.75
32.491 30.75
33.451 30.75
34.411 30.812
35.371 30.812
36.331 30.812
37.291 30.812
38.251 30.812
39.211 30.812
40.171 30.875
41.131 30.875
42.091 30.875
43.051 30.875
44.011 30.875
44.971 30.875
45.931 30.937
46.891 30.875
47.851 30.875
48.811 30.937
49.771 30.937
50.731 30.937
51.691 30.937
52.651 30.937
53.611 30.937
54.571 31.0
55.531 30.937
56.491 31.0
57.451 30.937
58.411 31.0
59.371 31.0
60.331 31.0
61.291 31.0
62.251 31.0
63.212 31.0
64.172 31.0
65.131 31.0
66.091 31.0
67.051 31.0
68.011 31.0
69.851 31.0
70.811 31.062
71.772 31.0
72.731 31.062
73.691 31.0
74.651 31.062
75.611 31.062
76.572 31.062
77.531 31.0
78.492 31.062
79.451 31.062
80.411 31.062
81.371 31.062
82.331 31.062
83.212 31.062
84.172 31.062
85.131 31.062
86.091 31.062
87.051 31.062
88.012 31.0
88.972 31.0
89.931 31.0
90.891 31.0
91.851 31.062
92.811 31.0
93.771 31.0
94.731 31.0
95.691 31.0
96.651 31.0
97.611 31.0
98.571 31.0
99.571 31.0
100.491 31.0
101.451 31.0
102.411 31.0
103.371 31.0
104.331 31.0
105.291 31.0
106.251 31.0
107.291 31.0
