0.939 24.25
1.899 24.0
2.859 23.75
3.819 23.562
4.779 23.375
5.739 23.125
6.699 22.937
7.659 22.937
8.619 22.562
9.579 22.437
10.539 22.312
11.499 22.187
12.459 22.062
13.419 21.937
14.379 21.812
15.339 21.687
16.299 21.562
17.259 21.5
18.219 21.375
19.179 21.312
20.139 21.25
21.099 21.187
22.059 21.125
23.019 21.062
23.979 21.0
24.939 20.937
25.899 20.875
26.859 20.812
27.819 20.75
28.779 20.687
29.739 20.687
30.699 20.625
31.659 20.562
32.619 20.562
33.579 20.5
34.539 20.5
35.499 20.437
36.459 20.375
37.419 20.375
38.379 20.312
39.339 20.312
40.379 20.312
41.339 20.25
42.299 20.187
43.259 20.187
44.259 20.125
45.259 20.187
46.219 20.125
47.179 20.125
48.139 20.125
49.099 20.062
50.059 20.062
51.019 20.062
51.979 20.0
52.939 20.062
53.899 20.0
54.859 20.0
55.819 20.0
56.779 19.937
57.739 20.0
58.699 19.937
59.659 19.937
60.619 19.937
61.579 19.937
62.539 19.937
63.499 19.937
64.459 19.937
65.42 19.875
66.379 19.875
67.339 19.875
68.299 19.875
69.259 19.875
70.219 19.875
71.179 19.875
72.139 19.875
73.099 19.875
74.059 19.812
75.019 19.812
75.979 19.812
76.939 19.812
77.899 19.875
79.739 19.812
80.699 19.812
81.659 19.812
82.619 19.812
83.579 19.812
84.539 19.812
85.499 19.812
86.459 19.812
87.419 19.812
88.38 19.812
89.339 19.812
90.299 19.75
91.259 19.812
92.219 19.75
93.179 19.812
94.139 19.812
95.099 19.812
96.059 19.75
97.019 19.75
97.979 19.75
98.939 19.75
99.899 19.75
100.859 19.75
101.819 19.812
102.779 19.75
103.739 19.75
