0.872 29.687
1.832 29.687
2.792 29.687
3.752 29.75
4.711 29.75
5.672 29.5
6.632 28.687
7.592 27.75
8.552 26.875
9.512 26.0
10.472 25.187
11.432 24.437
12.392 23.75
13.352 23.062
14.312 22.437
15.271 21.875
16.232 21.312
17.192 20.812
18.152 20.312
19.111 19.875
20.072 19.437
21.032 19.062
21.992 18.687
22.952 18.312
23.912 17.937
24.872 17.687
25.832 17.375
26.792 17.062
27.752 16.812
28.712 16.562
29.672 16.312
30.632 16.062
31.592 15.875
32.552 15.625
33.512 15.437000000000001
34.472 15.25
35.432 15.125
36.392 14.937000000000001
37.352 14.75
38.311 14.562000000000001
39.272 14.437000000000001
40.232 14.312000000000001
41.192 14.187000000000001
42.152 14.062000000000001
43.112 13.937000000000001
44.072 13.812000000000001
45.032 13.687000000000001
45.992 13.625
46.952 13.5
47.912 13.375
48.872 13.312000000000001
49.832 13.187
50.792 13.125
51.752 13.062
52.711 13.0
53.672 12.875
54.632 12.812
55.591 12.812
56.552 12.687
57.512 12.625
58.472 12.562
59.432 12.5
60.392 12.5
61.352 12.437
62.312 12.375
63.272 12.375
64.232 12.312
65.192 12.25
66.156 12.187
67.112 12.187
68.072 12.125
69.032 12.125
69.992 12.062
70.952 12.0
71.912 12.0
72.872 12.0
73.832 11.937
74.792 11.937
75.752 11.875
76.712 11.875
77.672 11.875
78.632 11.875
79.592 11.812
80.552 11.75
81.512 11.75
82.472 11.75
83.432 11.75
84.391 11.75
85.352 11.687
86.312 11.687
87.272 11.625
88.232 11.625
89.192 11.625
90.152 11.625
91.112 11.562
92.072 11.625
93.032 11.562
93.992 11.562
94.952 11.562
95.912 11.562
96.871 11.562
97.752 11.562
98.712 11.5
99.672 11.5
100.632 11.5
101.592 11.5
102.552 11.5
103.512 11.437
104.472 11.437
105.432 11.437
106.392 11.437
107.352 11.437
108.312 11.437
109.272 11.437
110.232 11.375
111.192 11.375
112.152 11.375
113.112 11.375
114.072 11.375
115.032 11.375
115.992 11.375
116.952 11.375
117.912 11.375
118.872 11.375
119.832 11.375
120.792 11.375
121.752 11.312
122.712 11.375
123.672 11.312
124.632 11.375
125.592 11.312
126.552 11.312
127.511 11.312
128.472 11.312
129.432 11.312
130.392 11.312
131.352 11.312
132.312 11.312
133.272 11.312
134.232 11.312
135.192 11.312
136.152 11.312
137.112 11.312
138.072 11.312
139.032 11.25
139.992 11.25
140.953 11.312
141.912 11.25
142.911 11.25
143.911 11.25
144.872 11.25
145.832 11.25
146.792 11.25
147.752 11.25
148.712 11.25
149.672 11.25
150.632 11.25
151.592 11.25
152.552 11.25
153.512 11.25
154.472 11.25
155.432 11.25
156.392 11.25
157.352 11.25
158.312 11.25
159.272 11.25
160.232 11.25
161.192 11.25
162.152 11.25
163.112 11.25
164.072 11.25
165.032 11.25
165.992 11.25
166.952 11.25
167.912 11.187
168.872 11.25
169.832 11.187
