0.894 30.437
1.894 30.437
2.894 30.437
3.854 30.437
4.814 30.5
5.774 30.812
6.734 31.125
7.694 31.437
8.654 31.75
9.614 32.0
10.574 32.25
11.534 32.5
12.494 32.75
13.454 32.937
14.419 33.125
15.374 33.312
16.334 33.5
17.294 33.625
18.254 33.75
19.214 33.937
20.174 34.062
21.134 34.187
22.094 34.312
23.054 34.375
24.014 34.5
24.974 34.625
25.934 34.687
26.894 34.812
27.854 34.875
28.814 34.937
29.774 35.0
30.734 35.125
31.694 35.125
32.654 35.25
33.614 35.25
34.574 35.375
35.534 35.375
36.494 35.437
37.454 35.5
38.414 35.562
39.374 35.562
40.334 35.625
41.294 35.687
42.254 35.687
43.215 35.75
44.174 35.812
45.134 35.812
46.094 35.812
47.054 35.875
48.014 35.875
48.974 35.875
49.935 35.937
50.894 35.937
51.854 35.937
52.814 36.0
53.774 36.0
54.734 36.062
55.694 36.062
56.654 36.062
57.614 36.062
58.574 36.125
59.534 36.125
60.494 36.125
61.454 36.125
62.414 36.125
63.374 36.187
64.334 36.187
65.294 36.187
66.254 36.187
67.214 36.187
68.174 36.187
69.134 36.187
70.094 36.187
71.054 36.187
72.014 36.25
72.974 36.25
73.934 36.25
74.894 36.25
75.854 36.25
76.814 36.25
77.774 36.25
78.734 36.25
79.694 36.312
80.654 36.312
81.614 36.312
82.574 36.312
83.535 36.312
84.494 36.312
85.454 36.375
86.414 36.312
87.374 36.375
88.334 36.375
89.294 36.312
90.254 36.375
91.214 36.312
92.174 36.375
93.134 36.375
94.094 36.375
95.054 36.375
96.014 36.375
96.974 36.375
97.934 36.375
98.894 36.375
99.854 36.375
100.814 36.375
101.775 36.312
102.734 36.375
103.694 36.375
104.654 36.375
105.614 36.375
106.574 36.375
107.534 36.375
108.494 36.437
109.454 36.375
110.414 36.375
111.374 36.375
112.334 36.375
113.294 36.375
114.254 36.375
115.215 36.375
116.174 36.437
117.134 36.437
118.094 36.375
119.054 36.437
120.014 36.437
120.974 36.375
121.934 36.375
122.894 36.437
123.854 36.437
124.814 36.375
125.774 36.375
126.734 36.375
127.694 36.375
128.654 36.437
129.614 36.437
130.574 36.437
131.534 36.437
132.494 36.437
133.454 36.375
134.419 36.375
135.374 36.437
136.334 36.375
137.294 36.437
138.254 36.437
139.214 36.375
140.174 36.437
141.134 36.437
142.094 36.437
143.054 36.437
144.014 36.437
144.974 36.437
145.934 36.437
146.894 36.437
147.854 36.437
148.814 36.437
149.774 36.437
150.734 36.437
151.694 36.437
152.654 36.437
