0.918 28.375
1.879 28.437
2.839 28.5
3.799 28.5
4.759 28.562
5.719 28.562
6.679 28.562
7.639 28.625
8.599 28.625
9.559 28.437
10.518 27.625
11.479 26.812
12.439 25.937
13.399 25.125
14.359 24.375
16.199 23.0
17.159 22.437
18.119 21.875
19.079 21.375
20.039 20.812
20.999 20.375
21.959 19.937
22.919 19.437
23.879 19.062
24.839 18.687
25.799 18.375
26.759 18.062
27.719 17.75
28.679 17.437
29.639 17.187
30.598 16.875
31.559 16.687
32.518 16.437
33.479 16.25
34.439 16.062
35.399 15.875
36.359 15.625
37.319 15.5
38.279 15.312000000000001
39.239 15.187000000000001
40.199 15.0
41.159 14.875
42.119 14.812000000000001
43.079 14.625
44.039 14.5
44.999 14.375
45.959 14.312000000000001
46.919 14.187000000000001
47.879 14.125
48.839 14.0
49.799 13.937000000000001
50.759 13.812000000000001
51.719 13.75
52.679 13.687000000000001
53.639 13.625
54.599 13.562000000000001
55.559 13.5
56.519 13.437000000000001
57.479 13.375
58.439 13.312000000000001
59.399 13.25
60.359 13.187
61.319 13.187
62.279 13.125
63.239 13.062
64.199 13.0
65.159 13.0
66.119 12.937
67.079 12.937
68.039 12.875
68.999 12.812
69.959 12.812
70.919 12.812
71.879 12.75
72.839 12.75
73.799 12.687
74.759 12.687
75.719 12.625
76.679 12.625
77.639 12.562
78.598 12.562
79.559 12.562
80.519 12.5
81.479 12.562
82.439 12.5
83.399 12.5
84.359 12.437
85.319 12.437
86.279 12.437
87.239 12.437
88.199 12.437
89.159 12.375
90.119 12.375
91.079 12.375
92.039 12.375
92.999 12.375
93.959 12.312
94.918 12.312
95.879 12.312
96.839 12.312
97.799 12.25
98.759 12.312
99.719 12.25
100.679 12.25
101.639 12.25
102.599 12.25
103.559 12.25
104.519 12.25
105.479 12.187
106.439 12.25
107.399 12.187
108.359 12.187
109.319 12.187
110.279 12.187
111.239 12.187
112.199 12.187
113.159 12.187
114.119 12.187
115.089 12.187
116.039 12.187
117.159 12.187
118.119 12.125
119.079 12.125
