0.877 30.312
1.836 30.312
2.797 30.312
3.757 30.375
4.716 30.375
5.677 30.75
6.637 31.437
7.597 32.125
8.557 32.75
9.517 33.312
10.557 33.937
11.517 34.437
12.477 34.937
13.437 35.312
14.397 35.75
15.357 36.125
16.317 36.5
17.277 36.812
18.237 37.062
19.197 37.375
20.157 37.687
21.117 37.875
22.077 38.187
23.037 38.375
23.997 38.562
24.957 38.75
25.917 38.937
26.877 39.125
27.837 39.312
28.797 39.437
29.757 39.562
30.717 39.687
31.677 39.687
32.637 39.937
33.597 40.062
34.557 40.125
35.517 40.25
36.477 40.312
37.437 40.437
38.397 40.5
39.357 40.625
40.317 40.625
41.277 40.75
42.237 40.812
43.197 40.875
44.157 40.937
45.117 41.0
46.076 41.062
47.037 41.062
47.997 41.187
48.957 41.187
49.917 41.25
50.877 41.25
51.837 41.312
52.797 41.375
53.757 41.375
54.717 41.437
55.677 41.437
56.637 41.5
57.597 41.5
58.557 41.5
59.517 41.562
60.477 41.562
61.437 41.625
62.397 41.625
63.357 41.625
64.317 41.687
65.277 41.687
66.237 41.687
67.2 41.687
68.157 41.75
69.116 41.75
70.077 41.75
71.037 41.812
71.997 41.812
72.957 41.812
73.917 41.812
74.877 41.812
75.837 41.875
76.797 41.875
77.757 41.875
78.717 41.937
79.677 41.937
80.637 41.937
81.597 41.937
82.557 42.0
83.517 42.0
84.477 42.0
85.437 42.0
86.397 42.0
87.357 42.062
88.317 42.062
89.277 42.062
90.237 42.062
91.197 42.062
93.037 42.062
93.997 42.125
94.957 42.125
95.917 42.125
96.877 42.125
97.837 42.125
98.797 42.125
99.757 42.125
100.717 42.125
101.677 42.187
102.637 42.125
103.597 42.187
104.557 42.187
105.517 42.187
106.477 42.187
107.437 42.187
108.397 42.187
109.357 42.187
110.317 42.187
111.277 42.187
112.237 42.187
113.197 42.187
114.157 42.187
115.116 42.25
116.077 42.187
117.037 42.187
117.997 42.187
118.957 42.187
119.917 42.187
120.877 42.25
121.837 42.25
122.797 42.25
123.757 42.25
124.717 42.25
125.677 42.25
126.637 42.25
127.597 42.25
128.557 42.187
129.517 42.187
130.477 42.25
131.437 42.25
132.397 42.25
133.357 42.187
134.317 42.187
135.277 42.187
136.237 42.25
137.197 42.187
