0.882 29.687
1.842 29.75
2.802 29.75
3.762 29.812
4.722 29.812
5.682 29.812
6.562 29.812
7.522 30.5
8.482 31.687
9.442 33.062
10.402 34.375
11.362 35.562
12.322 36.75
13.282 37.75
14.242 38.75
15.202 39.687
16.162 40.5
17.122 41.312
18.082 42.062
19.042 42.75
20.002 43.375
20.962 44.0
21.922 44.562
22.882 45.125
23.842 45.687
24.802 46.125
25.762 46.562
26.722 47.0
27.682 47.375
28.642 47.75
29.602 48.125
30.562 48.437
31.522 48.75
32.482 49.062
33.442 49.312
34.402 49.625
35.362 49.875
36.322 50.062
37.282 50.312
38.242 50.562
39.202 50.687
40.162 50.937
41.122 51.125
42.083 51.25
43.042 51.437
44.002 51.562
44.962 51.75
45.922 51.875
46.883 52.0
47.842 52.125
48.802 52.25
49.762 52.312
50.722 52.437
51.683 52.562
52.642 52.625
53.602 52.75
54.562 52.812
55.522 52.875
56.482 52.937
57.442 53.0
58.402 53.125
59.362 53.187
60.322 53.187
61.282 53.25
62.242 53.312
63.202 53.375
64.162 53.437
65.132 53.437
66.082 53.5
67.042 53.562
68.002 53.562
68.962 53.625
69.922 53.625
70.882 53.687
71.842 53.687
72.802 53.75
73.762 53.75
74.722 53.812
75.683 53.812
76.642 53.812
77.602 53.875
78.562 53.875
79.522 53.875
80.482 53.937
81.442 53.937
82.402 53.937
83.362 54.0
84.323 54.0
85.282 54.0
86.242 54.0
87.202 54.0
88.162 54.062
89.122 54.062
90.082 54.062
91.042 54.125
92.002 54.125
92.962 54.125
93.922 54.125
94.882 54.125
95.842 54.125
96.802 54.125
97.762 54.125
98.722 54.125
99.683 54.187
100.642 54.187
101.602 54.187
102.562 54.187
103.522 54.187
104.483 54.187
105.442 54.187
106.402 54.187
107.362 54.187
108.322 54.25
109.282 54.187
110.242 54.187
111.202 54.25
112.162 54.25
113.122 54.25
114.082 54.187
115.042 54.25
116.012 54.25
116.963 54.187
117.922 54.25
118.882 54.25
119.842 54.25
120.802 54.25
121.762 54.25
122.722 54.25
123.682 54.25
124.642 54.25
125.602 54.25
126.562 54.25
127.522 54.25
128.482 54.25
129.442 54.25
130.402 54.25
131.362 54.25
132.322 54.25
133.282 54.25
134.242 54.25
135.202 54.25
136.162 54.25
137.122 54.25
138.082 54.25
139.042 54.25
140.002 54.25
140.972 54.25
141.932 54.25
142.882 54.25
143.842 54.25
144.802 54.25
145.762 54.25
146.722 54.25
147.682 54.25
148.642 54.25
149.602 54.25
150.562 54.25
151.522 54.25
152.482 54.25
153.442 54.25
154.402 54.25
155.363 54.25
156.322 54.25
157.282 54.25
158.242 54.187
159.202 54.25
160.243 54.25
