0.869 28.75
1.829 28.75
2.789 28.75
3.749 28.75
4.709 28.75
5.669 28.812
6.629 28.812
7.589 28.812
8.549 28.75
9.509 28.812
10.469 28.812
11.429 28.812
12.389 28.812
13.349 28.75
14.309 28.375
15.269 27.687
16.229 26.875
17.189 26.125
18.149 25.375
19.109 24.75
20.069 24.062
21.029 23.5
21.989 22.937
22.949 22.437
23.909 21.937
24.869 21.437
25.829 21.0
26.789 20.625
27.749 20.25
28.709 19.937
29.669 19.562
30.629 19.25
31.589 18.937
32.549 18.687
33.509 18.437
34.469 18.187
35.429 17.937
36.389 17.75
37.349 17.5
38.309 17.312
39.269 17.125
40.229 16.937
41.189 16.812
42.149 16.625
43.109 16.5
44.069 16.375
45.029 16.25
45.989 16.062
46.949 15.937000000000001
47.909 15.875
48.869 15.75
49.829 15.625
50.789 15.562000000000001
51.749 15.437000000000001
52.709 15.375
53.669 15.25
54.629 15.187000000000001
55.589 15.062000000000001
56.549 15.0
57.509 14.937000000000001
58.469 14.937000000000001
59.429 14.812000000000001
60.389 14.75
61.349 14.75
62.309 14.687000000000001
63.269 14.562000000000001
64.229 14.562000000000001
65.189 14.5
66.149 14.437000000000001
67.109 14.437000000000001
68.069 14.375
69.029 14.312000000000001
69.989 14.312000000000001
70.949 14.25
71.909 14.25
72.869 14.187000000000001
73.829 14.187000000000001
74.789 14.125
75.749 14.125
76.709 14.062000000000001
77.669 14.062000000000001
78.629 14.062000000000001
79.589 14.0
80.549 13.937000000000001
81.509 13.937000000000001
82.469 13.937000000000001
83.429 13.937000000000001
84.389 13.875
85.349 13.875
86.309 13.875
87.269 13.875
88.229 13.812000000000001
89.189 13.812000000000001
90.149 13.812000000000001
91.109 13.812000000000001
92.069 13.75
93.029 13.75
93.989 13.75
94.949 13.75
95.909 13.687000000000001
96.869 13.687000000000001
97.829 13.687000000000001
98.789 13.687000000000001
99.749 13.687000000000001
100.709 13.687000000000001
101.669 13.687000000000001
102.629 13.625
103.589 13.625
104.549 13.625
105.509 13.625
106.469 13.625
107.429 13.625
108.389 13.625
109.349 13.625
110.309 13.562000000000001
111.269 13.562000000000001
112.229 13.562000000000001
113.189 13.562000000000001
114.149 13.562000000000001
115.109 13.562000000000001
116.069 13.562000000000001
117.029 13.562000000000001
117.989 13.562000000000001
118.949 13.562000000000001
119.909 13.562000000000001
120.869 13.562000000000001
121.829 13.562000000000001
122.789 13.562000000000001
123.749 13.5
124.709 13.5
125.669 13.5
126.629 13.5
127.589 13.5
128.549 13.5
129.509 13.5
130.469 13.5
131.589 13.5
132.549 13.5
133.509 13.5
134.469 13.5
