0.919 25.625
1.879 25.687
2.839 25.75
3.799 25.812
5.639 25.937
6.599 26.0
7.559 26.062
8.519 26.062
9.479 26.187
10.439 26.312
11.399 26.5
12.359 26.75
13.319 26.937
14.279 27.125
15.239 27.25
16.199 27.437
17.159 27.562
18.119 27.687
19.079 27.75
20.039 27.937
20.999 28.125
21.959 29.062
22.919 30.312
23.879 31.5
24.839 32.625
25.799 33.625
26.759 34.625
27.719 35.5
28.679 36.375
29.639 37.125
30.599 37.875
31.559 38.562
32.519 39.25
33.479 39.75
34.439 40.375
35.399 40.875
36.359 41.375
37.319 41.812
38.279 42.25
39.239 42.687
40.199 43.125
41.159 43.437
42.119 43.812
43.079 44.125
44.039 44.437
44.999 44.75
45.959 45.0
46.919 45.25
47.879 45.5
48.839 45.687
49.799 45.937
50.759 46.125
51.719 46.375
52.679 46.562
53.639 46.687
54.599 46.875
56.439 47.187
57.399 47.312
58.359 47.437
59.319 47.562
60.279 47.687
61.239 47.812
62.199 47.937
63.159 48.0
64.119 48.125
65.079 48.187
66.039 48.312
66.999 48.375
67.959 48.437
68.919 48.5
69.879 48.562
70.839 48.687
71.799 48.75
72.759 48.812
73.719 48.812
74.679 48.875
75.639 49.0
76.599 49.0
77.559 49.062
78.519 49.062
79.479 49.125
80.439 49.187
81.399 49.25
82.359 49.25
83.319 49.312
84.279 49.375
85.239 49.375
86.199 49.375
87.159 49.437
88.119 49.437
89.079 49.5
90.039 49.5
90.999 49.5
91.959 49.562
92.919 49.562
93.879 49.562
94.839 49.562
95.799 49.562
96.759 49.562
97.719 49.625
98.679 49.625
100.52 49.625
101.479 49.625
102.439 49.625
103.399 49.625
104.359 49.625
105.319 49.687
106.279 49.625
107.239 49.687
108.199 49.687
109.159 49.687
110.119 49.687
111.079 49.687
112.039 49.75
112.999 49.75
113.959 49.75
114.919 49.75
115.879 49.75
116.839 49.812
117.799 49.812
118.759 49.812
119.719 49.812
120.679 49.812
121.639 49.812
122.599 49.812
123.559 49.875
124.519 49.875
125.479 49.875
126.439 49.875
127.399 49.875
128.359 49.875
129.319 49.875
130.279 49.875
131.239 49.875
132.199 49.937
133.159 49.875
134.119 49.937
135.079 49.937
136.039 49.937
136.999 49.937
137.959 49.937
138.919 49.937
139.879 49.937
140.839 49.937
141.799 49.937
142.759 49.937
143.719 49.937
144.679 49.937
145.639 50.0
146.599 50.0
147.559 49.937
148.519 49.937
149.479 49.937
150.439 49.937
151.399 49.937
152.359 49.937
153.319 50.0
154.279 49.937
155.239 49.937
156.199 49.937
157.159 49.937
158.119 49.937
159.079 49.937
160.039 50.0
160.999 50.0
161.959 49.937
162.919 49.937
163.889 49.937
164.879 49.937
165.799 49.937
166.759 50.0
167.719 50.0
168.679 49.937
169.639 49.937
170.599 49.937
171.559 49.937
172.519 49.937
