0.925 26.687
1.884 26.687
2.844 26.687
3.804 26.75
4.764 26.687
5.724 26.625
6.684 26.187
7.644 25.625
8.604 25.125
9.564 24.625
10.524 24.187
11.484 23.812
12.444 23.437
13.404 23.0
14.364 22.687
15.325 22.375
16.284 22.125
17.244 21.75
18.204 21.5
19.204 21.25
20.204 21.062
21.164 20.812
22.124 20.625
23.084 20.437
24.044 20.25
25.004 20.125
25.964 19.937
26.924 19.812
27.884 19.625
28.844 19.562
29.804 19.375
30.764 19.25
31.724 19.187
32.684 19.062
33.644 19.0
34.604 18.875
35.564 18.812
36.524 18.687
37.484 18.625
38.444 18.5
39.405 18.5
40.364 18.375
41.324 18.312
42.284 18.25
43.244 18.187
44.204 18.125
45.164 18.062
46.124 18.0
47.085 17.937
48.044 17.937
49.004 17.875
49.964 17.875
50.924 17.812
51.884 17.75
52.844 17.687
53.805 17.687
54.764 17.687
55.725 17.562
56.684 17.562
57.644 17.625
58.604 17.562
59.564 17.5
60.524 17.5
61.484 17.5
62.444 17.437
63.404 17.437
64.364 17.437
65.325 17.375
66.284 17.375
67.244 17.375
68.204 17.312
69.164 17.312
70.125 17.312
71.089 17.312
72.044 17.312
73.004 17.25
73.965 17.25
74.924 17.25
75.884 17.187
76.844 17.187
77.804 17.187
78.764 17.187
79.724 17.187
80.685 17.125
81.645 17.125
82.604 17.187
83.564 17.125
84.524 17.125
85.484 17.125
86.444 17.125
