0.917 29.375
1.877 29.375
2.757 29.375
3.717 29.437
4.677 29.375
5.637 29.5
6.597 29.75
7.558 30.062
8.517 30.375
9.477 30.625
10.437 30.937
11.397 31.125
12.357 31.375
13.317 31.625
14.277 31.812
15.237 32.0
16.197 32.187
17.157 32.375
18.117 32.5
19.077 32.687
20.037 32.812
20.997 33.0
21.96 33.062
22.917 33.187
23.877 33.312
24.837 33.437
25.797 33.562
26.757 33.625
27.717 33.687
28.677 33.812
29.637 33.875
30.597 33.937
31.557 34.0
32.517 34.125
33.477 34.187
34.437 34.25
35.397 34.312
36.357 34.375
37.319 34.375
38.277 34.437
39.238 34.5
40.197 34.5
41.157 34.625
42.117 34.625
43.077 34.687
44.038 34.687
44.997 34.75
45.957 34.75
46.917 34.812
47.877 34.812
48.837 34.875
49.797 34.875
50.757 34.937
51.717 34.937
52.677 34.937
53.637 35.0
54.597 35.0
55.557 35.0
56.517 35.0
57.477 35.0
58.437 35.062
59.397 35.062
60.357 35.062
61.317 35.062
62.277 35.125
63.237 35.125
64.197 35.125
65.157 35.187
66.117 35.187
67.077 35.187
68.037 35.187
68.997 35.187
69.957 35.187
70.917 35.187
71.877 35.25
72.837 35.187
73.797 35.25
74.757 35.25
75.717 35.25
76.677 35.25
77.638 35.25
78.597 35.25
79.557 35.25
80.517 35.312
81.477 35.312
82.437 35.25
83.398 35.312
84.357 35.312
85.317 35.312
86.277 35.312
87.237 35.312
88.197 35.312
89.157 35.312
90.117 35.312
91.077 35.312
92.037 35.312
92.997 35.312
93.957 35.312
94.917 35.312
95.877 35.312
96.837 35.312
97.797 35.375
98.757 35.312
