0.906 32.312
1.866 32.25
2.747 32.312
3.706 32.312
4.666 32.312
5.626 32.5
6.506 33.062
7.466 33.687
8.426 34.25
9.386 34.812
10.346 35.312
11.306 35.812
12.267 36.25
13.226 36.687
14.186 37.062
15.146 37.437
16.106 37.75
17.067 38.062
18.026 38.437
18.986 38.687
19.946 38.937
20.906 39.187
21.866 39.437
22.826 39.625
23.786 39.875
24.747 40.062
25.706 40.187
26.666 40.375
27.626 40.562
28.586 40.687
29.546 40.875
30.507 41.0
31.467 41.125
32.426 41.25
33.386 41.375
34.346 41.437
35.307 41.562
36.266 41.687
37.226 41.75
38.186 41.812
39.146 41.937
40.106 42.0
41.066 42.125
42.026 42.187
42.987 42.25
43.946 42.312
44.906 42.375
45.866 42.375
46.827 42.5
47.786 42.5
48.746 42.562
49.706 42.625
50.667 42.625
51.626 42.687
52.587 42.75
53.546 42.75
54.506 42.812
55.467 42.875
56.426 42.875
57.386 42.937
58.346 42.937
59.307 42.937
60.267 43.0
61.226 43.0
62.186 43.062
63.146 43.062
64.106 43.125
65.067 43.125
66.027 43.125
66.987 43.187
67.946 43.187
68.906 43.187
69.867 43.25
70.826 43.25
71.786 43.25
72.747 43.25
73.706 43.25
74.666 43.312
75.626 43.312
76.586 43.312
77.546 43.312
78.506 43.312
79.466 43.312
80.426 43.312
81.386 43.375
82.346 43.375
83.306 43.375
85.146 43.375
86.107 43.375
87.067 43.437
88.026 43.437
88.986 43.375
89.947 43.437
90.906 43.437
91.867 43.375
92.828 43.437
93.786 43.437
94.747 43.437
95.706 43.437
96.666 43.437
97.626 43.437
98.587 43.437
99.546 43.437
100.506 43.437
