0.889 26.812
1.849 26.625
2.809 26.5
3.769 26.312
4.729 26.187
5.689 26.062
6.649 25.937
7.609 25.75
8.569 25.562
9.529 25.375
10.529 25.187
11.529 25.0
12.489 24.875
13.449 24.75
14.409 24.625
15.369 24.437
16.329 24.375
17.289 24.25
18.249 24.125
19.209 24.062
20.169 24.0
21.129 23.875
22.089 23.812
23.049 23.75
24.009 23.687
24.969 23.562
25.929 23.5
26.889 23.437
27.849 23.375
28.809 23.375
29.769 23.312
30.729 23.25
31.689 23.187
32.649 23.125
33.609 23.125
34.569 23.062
35.529 23.062
36.489 23.0
37.449 23.0
38.409 22.937
39.369 22.937
40.329 22.875
41.289 22.812
42.249 22.812
43.213 22.812
44.169 22.75
45.129 22.75
46.089 22.687
47.049 22.687
48.009 22.687
48.969 22.687
49.929 22.625
50.889 22.625
51.849 22.625
52.809 22.562
53.769 22.562
54.729 22.562
55.689 22.562
56.649 22.562
57.609 22.5
58.569 22.5
59.529 22.5
60.489 22.5
62.329 22.5
63.289 22.5
64.249 22.437
65.209 22.437
66.169 22.437
67.129 22.437
68.089 22.437
69.049 22.437
70.009 22.375
70.969 22.437
71.969 22.375
72.969 22.375
73.929 22.375
74.889 22.375
75.849 22.375
76.809 22.375
77.769 22.375
78.729 22.375
79.689 22.375
80.649 22.312
81.609 22.312
82.569 22.312
83.529 22.312
84.489 22.312
85.449 22.312
86.409 22.312
87.369 22.312
88.329 22.312
89.209 22.312
90.169 22.312
91.21 22.312
