0.86 27.312
1.82 27.375
2.78 27.375
3.74 27.375
4.7 27.375
5.66 27.375
6.621 27.375
7.58 27.187
8.54 26.562
9.5 25.812
10.46 25.125
11.42 24.437
12.38 23.812
13.34 23.187
14.3 22.687
15.26 22.187
16.22 21.75
17.18 21.312
18.14 20.875
19.1 20.5
20.06 20.187
21.02 19.875
21.98 19.562
22.94 19.312
23.9 19.062
24.861 18.75
25.82 18.562
26.78 18.312
27.74 18.125
28.7 17.937
29.66 17.75
30.62 17.625
31.58 17.437
32.54 17.312
33.5 17.125
34.46 17.0
35.42 16.937
36.38 16.812
37.34 16.687
38.3 16.562
39.26 16.437
40.22 16.375
41.18 16.312
42.14 16.187
43.1 16.125
44.06 16.062
45.02 15.937000000000001
45.98 15.875
46.94 15.875
47.9 15.875
48.86 15.687000000000001
49.82 15.687000000000001
50.78 15.562000000000001
51.74 15.562000000000001
52.7 15.5
53.66 15.437000000000001
54.62 15.437000000000001
55.58 15.375
56.54 15.375
57.501 15.312000000000001
58.46 15.25
59.42 15.25
60.382 15.187000000000001
61.34 15.125
62.3 15.125
63.26 15.062000000000001
64.22 15.062000000000001
65.18 15.0
66.14 15.0
67.1 15.0
68.06 14.937000000000001
69.02 14.937000000000001
69.981 14.937000000000001
70.94 14.875
71.901 14.875
72.86 14.812000000000001
73.82 14.812000000000001
74.78 14.812000000000001
75.74 14.812000000000001
76.7 14.75
77.66 14.75
78.62 14.75
79.58 14.687000000000001
80.54 14.687000000000001
81.501 14.687000000000001
82.46 14.687000000000001
83.42 14.687000000000001
84.38 14.625
85.341 14.625
86.3 14.625
87.26 14.625
88.22 14.562000000000001
89.181 14.625
90.14 14.562000000000001
91.1 14.562000000000001
92.06 14.562000000000001
93.02 14.562000000000001
93.98 14.5
94.94 14.5
95.9 14.5
96.86 14.437000000000001
97.82 14.5
98.78 14.437000000000001
99.74 14.437000000000001
100.7 14.437000000000001
101.66 14.437000000000001
102.62 14.437000000000001
104.46 14.437000000000001
105.42 14.375
106.38 14.375
107.34 14.375
108.301 14.375
109.26 14.375
110.22 14.375
111.18 14.375
112.14 14.312000000000001
113.101 14.312000000000001
114.06 14.375
115.02 14.312000000000001
115.98 14.312000000000001
116.94 14.312000000000001
117.9 14.312000000000001
118.86 14.312000000000001
119.82 14.312000000000001
120.78 14.312000000000001
121.741 14.25
122.7 14.312000000000001
123.661 14.25
124.62 14.312000000000001
125.58 14.25
126.54 14.25
127.501 14.25
128.46 14.25
129.42 14.25
130.38 14.25
131.34 14.25
132.3 14.187000000000001
133.26 14.25
134.22 14.25
136.06 14.187000000000001
137.02 14.187000000000001
137.98 14.187000000000001
138.94 14.187000000000001
139.9 14.187000000000001
140.9 14.187000000000001
141.9 14.187000000000001
142.86 14.187000000000001
143.82 14.125
144.78 14.187000000000001
145.74 14.187000000000001
146.7 14.187000000000001
147.66 14.187000000000001
148.62 14.187000000000001
149.58 14.125
150.54 14.125
151.5 14.125
152.46 14.125
153.42 14.125
154.38 14.125
155.34 14.125
156.3 14.125
157.26 14.125
158.22 14.125
159.18 14.125
160.14 14.125
161.1 14.125
162.06 14.125
163.02 14.125
163.98 14.125
164.94 14.062000000000001
165.9 14.125
166.86 14.125
167.82 14.062000000000001
168.78 14.062000000000001
169.74 14.125
170.7 14.062000000000001
171.66 14.062000000000001
172.62 14.062000000000001
173.58 14.062000000000001
174.54 14.062000000000001
175.5 14.062000000000001
176.46 14.062000000000001
177.42 14.062000000000001
178.38 14.062000000000001
179.34 14.062000000000001
180.3 14.062000000000001
181.26 14.062000000000001
182.22 14.062000000000001
183.18 14.062000000000001
184.14 14.062000000000001
185.101 14.062000000000001
186.06 14.0
187.02 14.0
187.98 14.062000000000001
188.94 14.062000000000001
