0.867 27.75
1.827 27.75
2.787 27.75
3.667 27.75
4.627 27.75
5.587 27.75
6.467 27.75
7.427 27.812
8.387 28.5
9.347 29.75
10.307 31.062
11.267 32.312
12.227 33.437
14.067 35.562
15.027 36.5
15.987 37.312
16.987 38.187
17.987 39.0
18.947 39.687
19.907 40.375
20.867 41.0
21.827 41.0
22.787 42.125
23.747 42.625
24.707 43.125
25.667 43.562
26.627 44.0
27.587 44.375
28.547 44.75
29.507 45.062
30.467 45.437
31.427 45.75
32.387 46.062
33.347 46.375
34.308 46.625
35.267 46.875
36.227 47.125
37.187 47.312
38.147 47.5
39.107 47.75
40.067 47.937
41.027 48.125
41.987 48.25
42.947 48.437
43.907 48.562
44.867 48.687
45.827 48.812
46.787 48.937
47.747 49.062
48.707 49.187
49.667 49.312
50.627 49.375
51.587 49.5
52.547 49.625
53.507 49.687
55.347 49.875
56.307 49.937
57.267 50.0
58.227 50.062
59.187 50.187
60.147 50.25
61.107 50.25
62.067 50.312
63.027 50.375
63.987 50.437
64.947 50.5
65.907 50.562
66.867 50.562
67.827 50.625
68.787 50.687
69.747 50.687
70.707 50.75
71.667 50.75
72.627 50.812
73.587 50.812
74.547 50.875
75.507 50.875
76.467 50.937
77.427 50.937
78.428 51.0
79.427 51.0
80.387 51.0
81.347 51.0
82.307 51.062
83.267 51.062
84.227 51.125
85.187 51.062
86.147 51.125
87.107 51.125
88.067 51.125
89.027 51.187
89.987 51.187
90.947 51.187
91.907 51.187
92.867 51.187
93.827 51.187
94.787 51.187
95.747 51.25
96.707 51.25
97.667 51.25
98.627 51.25
99.587 51.25
100.547 51.25
101.507 51.25
102.467 51.25
103.427 51.312
104.387 51.312
105.347 51.312
106.307 51.312
107.267 51.312
108.227 51.312
109.187 51.312
110.147 51.312
111.107 51.312
112.067 51.312
113.027 51.312
113.987 51.312
114.947 51.312
115.907 51.312
116.867 51.312
117.827 51.312
118.787 51.312
119.747 51.312
120.707 51.312
121.667 51.312
122.627 51.312
123.587 51.375
124.547 51.375
125.507 51.375
126.467 51.375
127.427 51.375
128.387 51.375
129.347 51.375
130.307 51.375
131.267 51.375
132.227 51.375
133.187 51.375
134.147 51.375
135.107 51.375
136.067 51.375
137.027 51.375
137.987 51.375
