0.89 26.937
1.85 26.875
2.81 26.687
3.77 26.625
4.73 26.437
5.69 26.375
6.65 26.25
7.611 26.187
8.57 26.062
9.53 26.0
10.49 25.937
11.45 25.812
12.41 25.75
13.37 25.687
14.33 25.625
15.29 25.562
16.25 25.5
17.21 25.5
18.17 25.437
19.131 25.375
20.09 25.375
21.05 25.312
22.01 25.25
22.97 25.25
23.931 25.187
24.89 25.187
25.85 25.125
26.811 25.125
27.771 25.125
28.731 25.062
29.69 25.0
30.65 25.062
31.61 25.0
32.57 24.937
33.53 25.0
34.49 24.937
35.45 24.875
36.41 24.875
37.37 24.937
38.33 24.875
39.291 24.812
40.25 24.875
41.21 24.875
42.17 24.812
43.131 24.812
44.09 24.75
45.05 24.812
46.01 24.75
46.97 24.75
47.931 24.75
48.89 24.75
49.851 24.75
50.81 24.75
51.77 24.75
52.73 24.687
53.69 24.687
54.65 24.687
55.61 24.687
56.57 24.687
57.53 24.687
58.49 24.687
59.45 24.687
60.41 24.687
61.37 24.687
62.331 24.687
63.29 24.687
64.25 24.687
65.21 24.625
66.17 24.687
67.13 24.625
68.09 24.625
69.05 24.625
70.01 24.625
70.97 24.625
71.931 24.625
72.89 24.625
73.851 24.625
74.81 24.625
