0.864 27.625
1.824 27.625
2.784 27.687
3.744 27.625
4.704 27.437
5.664 27.187
6.624 26.812
7.584 26.5
8.544 26.187
9.504 25.875
10.464 25.625
11.424 25.375
12.384 25.125
13.344 24.937
14.304 24.75
15.264 24.562
16.224 24.375
17.184 24.187
18.144 24.062
19.104 23.937
20.064 23.812
21.024 23.687
21.984 23.562
22.944 23.437
23.904 23.375
24.864 23.25
25.824 23.187
26.784 23.062
27.744 23.0
28.704 22.875
29.664 22.875
30.624 22.75
31.584 22.687
32.544 22.625
33.504 22.562
34.464 22.5
35.424 22.5
36.384 22.437
37.344 22.437
38.304 22.375
39.264 22.312
40.224 22.25
41.184 22.25
42.144 22.187
43.104 22.187
44.064 22.125
45.024 22.125
45.984 22.062
46.944 22.062
47.904 22.0
48.864 22.0
49.824 22.0
50.784 21.937
51.744 21.937
52.704 21.937
53.664 21.875
54.624 21.875
55.584 21.875
56.544 21.812
57.504 21.812
58.464 21.812
59.424 21.812
60.384 21.812
61.344 21.75
62.307 21.75
63.264 21.75
64.224 21.75
65.184 21.75
66.144 21.687
67.104 21.75
68.064 21.687
69.024 21.687
69.984 21.687
70.944 21.687
71.904 21.625
72.864 21.625
73.824 21.625
74.784 21.625
75.744 21.625
76.704 21.625
77.664 21.625
79.504 21.625
80.464 21.562
81.424 21.562
82.384 21.562
83.344 21.562
84.304 21.562
85.264 21.562
86.224 21.562
87.184 21.562
88.144 21.562
89.104 21.562
90.064 21.562
91.024 21.562
91.984 21.562
92.944 21.562
93.904 21.562
94.864 21.562
95.824 21.562
96.784 21.5
97.744 21.5
98.704 21.5
99.664 21.5
100.624 21.5
101.584 21.5
102.544 21.5
103.504 21.5
104.464 21.5
105.424 21.5
106.384 21.5
107.344 21.5
108.304 21.5
109.264 21.5
