2.856 27.937
3.816 27.937
4.777 28.0
5.736 28.062
6.697 28.062
7.656 28.062
8.616 28.125
9.576 28.125
10.536 28.187
11.497 28.187
12.456 28.25
13.416 28.25
14.376 28.25
15.336 28.25
16.296 28.312
17.256 28.312
18.216 28.312
19.176 28.375
20.136 28.375
21.097 28.375
22.056 28.375
23.016 28.375
23.976 28.375
24.936 28.375
25.896 28.437
26.856 28.437
27.816 28.437
28.776 28.375
29.736 28.437
30.696 28.437
31.657 28.437
32.617 28.437
33.576 28.437
34.536 28.437
35.496 28.437
36.456 28.437
37.416 28.437
38.377 28.437
39.337 28.437
40.297 28.437
41.256 28.437
