4.717 30.812
5.676 30.937
6.636 31.125
7.596 31.312
8.557 31.5
9.517 31.625
10.476 31.812
11.436 31.937
12.396 32.062
13.356 32.187
14.316 32.312
15.276 32.437
16.236 32.562
17.196 32.687
18.156 32.75
19.116 32.875
20.076 32.937
21.036 33.062
21.996 33.062
22.956 33.187
23.916 33.187
24.876 33.312
25.836 33.312
26.796 33.375
27.756 33.437
28.717 33.5
29.676 33.562
30.636 33.562
31.596 33.625
32.556 33.687
33.517 33.75
34.476 33.75
35.436 33.812
36.397 33.812
37.356 33.875
38.317 33.875
39.276 33.875
40.236 33.937
41.196 34.0
42.317 34.0
43.276 34.0
44.236 34.062
45.196 34.062
46.156 34.062
47.116 34.125
48.076 34.125
49.036 34.187
49.996 34.187
50.956 34.125
51.916 34.187
52.876 34.187
53.836 34.187
54.796 34.187
55.756 34.187
56.717 34.25
57.676 34.25
58.636 34.25
59.596 34.25
60.556 34.25
61.517 34.25
62.476 34.25
63.437 34.312
64.396 34.312
65.366 34.312
66.326 34.312
67.276 34.312
68.236 34.375
69.196 34.312
70.159 34.375
71.117 34.375
72.077 34.375
73.036 34.312
73.996 34.375
74.956 34.375
75.917 34.375
76.876 34.375
77.837 34.375
78.796 34.375
79.756 34.375
80.717 34.375
81.676 34.375
82.636 34.375
83.596 34.375
84.556 34.375
85.516 34.437
86.476 34.375
87.436 34.375
88.396 34.437
89.356 34.437
90.317 34.375
91.277 34.437
92.236 34.375
93.196 34.437
94.156 34.375
95.117 34.437
96.076 34.437
97.036 34.437
97.996 34.437
98.956 34.437
99.916 34.437
100.876 34.437
101.757 34.437
102.716 34.437
103.676 34.437
104.636 34.437
105.596 34.437
106.556 34.437
107.516 34.437
108.476 34.437
109.436 34.437
110.396 34.437
111.356 34.437
112.316 34.437
113.276 34.437
114.236 34.437
115.197 34.437
116.156 34.437
117.116 34.437
118.077 34.437
119.036 34.437
119.997 34.437
120.956 34.437
121.917 34.437
122.876 34.437
123.836 34.437
124.796 34.437
125.757 34.437
126.717 34.437
127.676 34.437
128.636 34.437
129.596 34.437
130.556 34.437
131.516 34.437
132.476 34.437
133.446 34.437
134.396 34.437
135.356 34.437
136.316 34.437
137.276 34.437
138.237 34.437
139.196 34.437
140.156 34.437
141.116 34.437
142.076 34.437
143.036 34.437
143.996 34.437
144.957 34.437
145.916 34.437
146.876 34.437
147.836 34.437
148.796 34.437
150.636 34.437
151.596 34.437
152.556 34.437
153.516 34.437
154.476 34.437
155.436 34.437
156.396 34.437
157.356 34.437
158.316 34.437
159.276 34.437
160.237 34.437
161.196 34.437
162.156 34.437
163.116 34.437
164.076 34.437
165.036 34.437
165.996 34.437
166.956 34.437
167.916 34.437
168.876 34.437
169.836 34.437
170.797 34.437
171.756 34.437
172.717 34.375
173.676 34.437
174.636 34.437
175.596 34.375
176.556 34.375
177.516 34.437
178.476 34.437
179.436 34.437
180.396 34.375
181.356 34.375
182.316 34.375
183.276 34.375
184.236 34.375
185.196 34.375
186.156 34.375
187.116 34.375
188.076 34.375
189.037 34.375
189.996 34.375
190.956 34.375
191.916 34.375
192.876 34.375
193.836 34.375
194.796 34.375
195.756 34.375
196.716 34.375
197.676 34.375
198.636 34.375
199.596 34.375
200.556 34.375
201.516 34.375
202.476 34.375
203.436 34.375
204.396 34.375
205.356 34.375
206.317 34.375
207.277 34.375
208.236 34.312
209.196 34.375
210.156 34.375
211.116 34.312
212.076 34.375
213.036 34.375
213.996 34.312
214.956 34.312
215.916 34.312
216.876 34.312
217.836 34.312
218.797 34.312
219.756 34.312
220.72 34.312
221.676 34.312
222.636 34.312
223.596 34.312
224.556 34.312
225.52 34.312
226.476 34.312
227.436 34.312
228.396 34.312
229.357 34.25
230.316 34.312
231.276 34.312
232.236 34.312
233.196 34.25
234.156 34.25
235.116 34.25
236.076 34.312
