5.671 25.812
6.631 25.625
7.591 25.187
8.551 24.812
9.511 24.375
10.471 24.062
11.431 23.687
12.391 23.312
13.351 23.062
14.311 22.75
15.271 22.5
16.231 22.25
17.191 22.0
18.151 21.75
19.111 21.625
20.071 21.375
21.031 21.187
21.991 21.0
22.951 20.875
23.911 20.687
24.871 20.562
25.831 20.437
26.791 20.25
27.751 20.187
28.711 20.062
29.671 19.937
30.631 19.812
31.591 19.687
32.551 19.625
33.511 19.5
34.471 19.437
35.431 19.312
36.391 19.25
37.351 19.187
38.311 19.125
39.271 19.062
40.231 18.937
41.191 18.937
42.152 18.812
43.111 18.812
44.071 18.75
45.031 18.687
45.991 18.625
46.951 18.562
47.911 18.562
48.871 18.5
49.831 18.437
50.791 18.375
51.751 18.375
52.711 18.312
53.671 18.312
54.631 18.25
55.591 18.25
56.552 18.187
57.511 18.187
58.471 18.187
59.431 18.125
60.391 18.062
61.351 18.062
62.311 18.0
63.271 18.0
64.231 18.0
65.191 18.0
66.151 17.937
67.111 17.937
68.071 17.937
69.031 17.875
69.991 17.875
70.951 17.875
71.911 17.875
72.871 17.875
73.831 17.812
74.791 17.812
75.751 17.812
76.711 17.812
77.671 17.812
78.631 17.75
79.591 17.75
80.551 17.75
81.511 17.687
82.471 17.75
83.431 17.75
84.391 17.687
85.351 17.687
86.311 17.687
87.271 17.687
88.231 17.687
89.191 17.687
90.151 17.687
91.111 17.687
92.071 17.625
93.031 17.625
93.991 17.625
94.952 17.625
95.911 17.687
96.871 17.625
97.831 17.625
98.791 17.625
99.751 17.625
100.711 17.562
101.671 17.625
102.632 17.625
103.591 17.562
104.551 17.625
105.511 17.562
106.471 17.625
