6.574 30.062
7.534 30.25
8.494 31.187
9.454 32.312
10.414 33.437
11.374 34.562
12.334 35.687
13.294 36.687
14.254 37.687
15.214 38.625
16.174 39.562
17.134 40.437
18.094 41.312
19.055 42.125
20.014 42.875
20.975 43.687
21.934 44.437
22.894 45.062
23.854 45.75
24.814 46.312
25.774 46.875
26.734 47.437
27.695 47.875
28.655 48.375
29.614 48.812
30.574 49.187
31.534 49.625
32.494 49.937
33.454 50.312
34.414 50.625
35.374 50.937
36.334 51.187
37.294 51.5
38.254 51.75
39.214 52.0
40.174 52.187
41.134 52.437
42.094 52.625
43.054 52.812
44.014 53.0
44.974 53.187
45.934 53.312
46.894 53.5
47.854 53.625
48.814 53.75
49.774 53.875
50.734 54.0
51.694 54.125
52.654 54.25
53.614 54.375
54.574 54.437
55.534 54.562
56.494 54.687
57.454 54.75
58.414 54.812
59.374 54.937
60.334 54.937
61.294 55.062
62.254 55.125
63.215 55.187
64.174 55.25
65.135 55.312
66.094 55.375
67.054 55.437
68.014 55.5
68.974 55.5
69.934 55.562
70.894 55.625
71.854 55.687
72.814 55.687
73.775 55.75
74.734 55.812
75.694 55.875
76.735 55.875
77.694 55.937
78.654 55.937
79.614 56.0
80.574 56.062000000000005
81.534 56.062000000000005
82.574 56.125
83.535 56.187000000000005
84.494 56.187000000000005
85.454 56.25
86.414 56.312000000000005
87.374 56.312000000000005
88.414 56.375
89.374 56.375
90.334 56.437000000000005
91.294 56.437000000000005
92.264 56.5
93.214 56.5
94.254 56.5
95.214 56.5
96.174 56.562000000000005
97.135 56.625
98.094 56.625
99.055 56.625
100.014 56.687000000000005
100.974 56.75
101.934 56.75
102.894 56.75
103.854 56.812000000000005
104.815 56.812000000000005
105.774 56.875
106.734 56.875
107.694 56.875
108.654 56.875
109.614 56.875
112.334 56.875
113.295 56.937000000000005
114.254 56.937000000000005
115.214 56.937000000000005
116.174 56.937000000000005
117.134 56.937000000000005
118.094 56.937000000000005
119.054 56.937000000000005
120.014 56.937000000000005
120.975 56.937000000000005
121.934 56.937000000000005
122.894 56.937000000000005
123.854 56.937000000000005
124.814 57.0
125.774 57.0
126.734 57.0
127.694 57.0
128.654 57.062000000000005
129.654 57.062000000000005
130.574 57.062000000000005
131.534 57.062000000000005
132.494 57.062000000000005
133.454 57.125
134.415 57.125
135.374 57.125
136.334 57.125
137.294 57.187000000000005
138.254 57.187000000000005
139.214 57.187000000000005
140.174 57.187000000000005
141.134 57.187000000000005
142.095 57.187000000000005
143.054 57.25
144.014 57.25
144.974 57.25
145.934 57.25
146.894 57.25
147.854 57.25
148.814 57.187000000000005
149.774 57.187000000000005
150.734 57.187000000000005
151.694 57.187000000000005
152.654 57.187000000000005
153.615 57.125
154.574 57.125
155.534 57.125
156.494 57.125
157.454 57.125
158.414 57.062000000000005
159.374 57.125
160.374 57.062000000000005
161.374 57.062000000000005
162.334 57.062000000000005
163.294 57.062000000000005
164.254 57.062000000000005
165.214 57.0
166.174 57.0
167.134 57.0
168.094 57.0
169.054 57.0
170.014 57.0
170.974 57.0
171.934 57.0
172.894 57.0
173.854 57.062000000000005
174.814 57.062000000000005
175.774 57.062000000000005
176.734 57.125
177.694 57.062000000000005
178.654 57.062000000000005
179.614 57.125
180.574 57.125
181.534 57.125
182.494 57.125
183.454 57.125
184.414 57.187000000000005
185.374 57.187000000000005
186.334 57.187000000000005
187.294 57.187000000000005
188.254 57.187000000000005
189.214 57.187000000000005
190.174 57.187000000000005
191.134 57.187000000000005
192.094 57.187000000000005
193.054 57.187000000000005
194.014 57.187000000000005
194.974 57.187000000000005
195.934 57.187000000000005
196.898 57.187000000000005
197.854 57.187000000000005
198.814 57.187000000000005
199.774 57.125
200.734 57.125
201.694 57.187000000000005
202.654 57.187000000000005
203.614 57.187000000000005
204.575 57.187000000000005
205.534 57.125
206.494 57.187000000000005
207.454 57.187000000000005
208.414 57.125
209.374 57.187000000000005
210.334 57.187000000000005
211.294 57.187000000000005
212.255 57.187000000000005
213.214 57.187000000000005
214.174 57.187000000000005
215.134 57.187000000000005
216.094 57.25
217.054 57.25
218.014 57.25
218.974 57.25
219.934 57.187000000000005
220.894 57.25
221.854 57.25
222.814 57.25
223.775 57.25
224.734 57.25
225.694 57.25
226.654 57.25
227.614 57.25
228.574 57.25
229.534 57.312000000000005
230.494 57.25
231.454 57.25
232.414 57.312000000000005
233.374 57.312000000000005
234.334 57.312000000000005
235.295 57.312000000000005
236.254 57.312000000000005
237.214 57.312000000000005
238.174 57.312000000000005
239.134 57.312000000000005
240.094 57.375
241.054 57.375
242.014 57.375
242.974 57.375
243.934 57.375
244.894 57.375
245.854 57.375
246.814 57.375
247.774 57.375
248.734 57.375
249.694 57.375
250.654 57.375
251.614 57.437000000000005
252.574 57.437000000000005
253.534 57.437000000000005
254.494 57.437000000000005
255.454 57.375
256.415 57.437000000000005
257.374 57.437000000000005
258.334 57.437000000000005
259.294 57.437000000000005
260.254 57.437000000000005
261.214 57.437000000000005
262.174 57.437000000000005
263.135 57.437000000000005
264.094 57.437000000000005
265.054 57.437000000000005
266.014 57.437000000000005
266.974 57.437000000000005
267.934 57.437000000000005
268.894 57.437000000000005
269.854 57.437000000000005
270.814 57.437000000000005
271.774 57.437000000000005
272.734 57.437000000000005
273.694 57.437000000000005
274.654 57.437000000000005
275.615 57.437000000000005
276.574 57.437000000000005
277.534 57.437000000000005
278.494 57.437000000000005
279.454 57.437000000000005
280.414 57.437000000000005
281.375 57.437000000000005
282.334 57.437000000000005
283.295 57.437000000000005
284.254 57.5
285.214 57.5
286.174 57.5
287.134 57.5
288.094 57.437000000000005
289.054 57.437000000000005
290.018 57.5
290.974 57.5
291.934 57.5
292.894 57.5
293.854 57.5
294.814 57.5
295.774 57.5
296.734 57.5
297.694 57.5
298.655 57.5
299.614 57.5
300.574 57.5
301.534 57.5
302.494 57.5
303.454 57.5
304.414 57.562000000000005
305.375 57.562000000000005
306.334 57.562000000000005
307.294 57.5
308.254 57.562000000000005
309.214 57.5
310.174 57.562000000000005
311.134 57.562000000000005
312.104 57.5
313.054 57.562000000000005
314.014 57.562000000000005
314.974 57.562000000000005
315.934 57.562000000000005
316.895 57.562000000000005
317.854 57.562000000000005
318.814 57.562000000000005
319.774 57.562000000000005
320.734 57.562000000000005
321.694 57.562000000000005
322.654 57.562000000000005
323.615 57.562000000000005
324.575 57.562000000000005
325.534 57.562000000000005
326.494 57.562000000000005
327.454 57.562000000000005
328.414 57.562000000000005
329.374 57.562000000000005
330.334 57.562000000000005
331.294 57.562000000000005
332.254 57.562000000000005
333.214 57.562000000000005
334.174 57.562000000000005
335.135 57.562000000000005
336.094 57.562000000000005
337.055 57.562000000000005
338.014 57.562000000000005
338.974 57.562000000000005
339.934 57.562000000000005
340.894 57.562000000000005
341.854 57.562000000000005
342.815 57.562000000000005
343.774 57.562000000000005
344.734 57.562000000000005
345.694 57.5
346.654 57.5
347.614 57.5
348.574 57.5
349.534 57.5
350.494 57.5
351.454 57.5
352.414 57.5
353.374 57.5
354.334 57.5
355.295 57.5
356.254 57.5
357.214 57.5
358.174 57.5
359.134 57.5
360.094 57.5
361.055 57.5
362.014 57.5
362.974 57.437000000000005
363.934 57.437000000000005
364.894 57.437000000000005
365.854 57.437000000000005
366.814 57.437000000000005
367.774 57.437000000000005
368.734 57.437000000000005
369.694 57.437000000000005
370.654 57.437000000000005
371.614 57.437000000000005
372.574 57.5
373.534 57.437000000000005
374.494 57.437000000000005
375.456 57.5
376.414 57.5
377.374 57.5
378.334 57.437000000000005
379.294 57.5
380.254 57.437000000000005
381.215 57.437000000000005
382.174 57.5
383.134 57.5
