4.764 27.75
5.724 27.687
6.684 27.625
7.644 27.625
8.604 27.562
9.564 27.5
10.524 27.5
11.484 27.437
12.444 27.437
13.404 27.437
14.364 27.375
15.324 27.375
16.284 27.375
17.244 27.312
18.204 27.312
19.164 27.312
20.124 27.312
21.084 27.25
22.044 27.25
23.004 27.25
23.964 27.187
24.924 27.25
25.884 27.187
26.844 27.187
27.804 27.187
28.764 27.187
29.724 27.187
30.684 27.187
31.644 27.187
32.604 27.125
33.564 27.187
34.524 27.125
35.484 27.125
36.444 27.125
37.404 27.125
38.364 27.125
39.324 27.125
40.284 27.125
41.244 27.125
42.204 27.125
43.164 27.125
44.124 27.125
45.084 27.125
46.044 27.125
