13.237 25.625
14.197 25.937
15.157 26.187
16.117 26.5
17.077 26.75
18.037 27.0
18.997 27.25
19.957 27.437
20.918 27.687
21.877 27.875
22.837 28.062
23.797 28.187
24.757 28.375
25.717 28.562
26.677 28.687
27.637 28.812
28.597 28.937
29.557 29.062
30.517 29.187
31.479 29.312
32.438 29.437
33.397 29.5
34.357 29.562
35.317 29.687
36.277 29.75
37.237 29.812
38.197 29.937
39.157 30.0
40.117 30.062
41.077 30.125
42.037 30.187
42.997 30.25
43.957 30.312
44.917 30.375
45.877 30.437
46.837 30.437
47.797 30.437
48.757 30.562
49.717 30.625
50.677 30.625
51.637 30.687
52.597 30.687
53.557 30.687
54.517 30.75
55.477 30.812
56.438 30.812
57.397 30.875
58.357 30.875
59.317 30.875
60.277 30.937
61.237 30.937
62.197 30.937
63.157 30.937
64.117 31.0
65.077 31.0
66.037 31.0
66.998 31.062
67.957 31.0
