1.893 23.75
2.893 23.812
3.854 23.875
4.813 23.875
5.773 23.937
6.733 23.937
7.693 24.0
8.653 23.687
9.613 23.187
10.573 22.75
11.533 22.25
12.493 21.875
13.454 21.437
14.413 21.062
15.373 20.687
16.333 20.375
17.293 20.062
18.254 19.812
19.213 19.5
20.173 19.25
21.133 19.0
22.093 19.0
23.053 18.562
24.014 18.375
24.973 18.187
25.933 18.062
26.893 17.875
27.854 17.75
28.813 17.562
29.773 17.437
30.733 17.312
31.693 17.187
32.653 17.062
33.613 16.937
34.573 16.812
35.533 16.75
36.493 16.625
37.453 16.562
38.413 16.437
39.373 16.375
40.333 16.312
41.293 16.187
42.253 16.125
43.213 16.062
44.173 16.0
45.133 15.937000000000001
46.093 15.875
47.053 15.812000000000001
48.013 15.812000000000001
48.973 15.687000000000001
49.933 15.687000000000001
50.893 15.625
51.853 15.562000000000001
52.813 15.562000000000001
53.773 15.5
54.733 15.5
55.693 15.437000000000001
56.653 15.375
57.613 15.375
58.653 15.375
59.613 15.312000000000001
60.574 15.25
61.533 15.25
62.493 15.25
63.454 15.25
64.413 15.25
65.373 15.187000000000001
66.333 15.187000000000001
67.293 15.125
68.253 15.125
69.213 15.125
70.173 15.125
71.133 15.062000000000001
72.093 15.125
73.053 15.062000000000001
74.013 15.062000000000001
74.973 15.0
75.933 15.0
76.893 15.0
77.853 15.0
78.813 15.0
79.773 15.0
80.733 15.0
81.693 15.0
82.653 15.0
83.613 15.0
84.573 15.0
85.533 14.937000000000001
86.493 14.937000000000001
87.453 14.937000000000001
88.413 14.937000000000001
89.373 14.937000000000001
90.333 14.937000000000001
91.293 14.937000000000001
92.254 14.937000000000001
93.213 14.875
94.173 14.937000000000001
95.133 14.875
96.093 14.875
97.053 14.875
98.013 14.937000000000001
98.973 14.875
99.933 14.875
100.893 14.875
101.853 14.875
102.813 14.875
103.773 14.875
104.733 14.875
105.693 14.875
106.654 14.875
107.613 14.875
108.573 14.875
109.693 14.875
