5.71 27.312
6.67 27.125
7.63 26.687
8.59 26.25
9.55 25.875
10.51 25.437
11.47 25.062
12.43 24.687
13.39 24.375
14.35 24.062
15.31 23.75
16.27 23.5
17.23 23.187
18.19 22.937
19.15 22.75
20.11 22.5
21.07 22.312
22.03 22.125
22.99 21.937
23.95 21.75
24.91 21.625
25.87 21.5
26.83 21.312
27.79 21.25
28.75 21.062
29.71 20.937
30.67 20.812
31.63 20.75
32.59 20.625
33.55 20.562
34.51 20.437
35.47 20.375
36.43 20.312
37.39 20.312
38.35 20.125
39.31 20.062
40.27 20.0
41.23 19.937
42.19 19.875
43.15 19.812
44.11 19.75
45.07 19.687
46.03 19.625
46.99 19.625
47.95 19.562
48.91 19.562
49.87 19.5
50.83 19.437
51.79 19.437
52.75 19.375
53.71 19.375
54.67 19.312
55.63 19.312
56.59 19.25
57.55 19.25
58.51 19.187
59.47 19.187
60.435 19.187
61.39 19.125
62.35 19.125
63.31 19.062
64.27 19.062
65.231 19.062
66.19 19.062
67.15 19.0
68.11 19.0
69.07 19.0
70.03 18.937
70.99 18.937
71.95 18.937
72.91 18.937
73.87 18.937
74.83 18.937
75.79 18.875
76.75 18.875
77.711 18.875
78.67 18.875
79.63 18.875
80.59 18.875
81.55 18.875
82.51 18.812
83.47 18.812
84.43 18.812
85.392 18.812
86.35 18.812
87.31 18.812
88.27 18.812
89.23 18.812
