153.384 25.375
154.344 25.437
155.304 26.5
156.264 27.812
157.224 29.187
158.184 30.5
159.144 31.687
160.104 32.812
161.065 33.812
162.024 34.875
162.984 35.812
163.944 36.687
164.904 37.5
165.864 38.25
166.824 39.0
167.784 39.687
168.744 40.375
169.704 40.937
170.664 41.5
171.624 42.062
172.584 42.562
173.544 43.062
174.504 43.062
175.464 43.937
176.424 44.437
177.384 44.812
178.344 45.125
179.304 45.5
180.264 45.875
181.224 46.187
182.184 46.5
183.144 46.75
184.104 47.062
185.064 47.312
186.024 47.562
186.984 47.812
187.944 48.0
188.904 48.0
189.864 48.375
190.824 48.375
191.784 48.25
192.744 48.062
193.704 47.875
194.664 47.687
195.624 47.437
196.584 47.187
197.544 46.937
198.504 46.75
199.464 46.5
