3.817 30.062
4.777 30.187
5.737 31.125
6.697 32.562
7.657 33.937
8.617 35.312
9.577 36.5
10.537 37.687
11.497 38.75
12.457 39.75
13.417 40.687
14.377 41.562
15.337 42.375
16.297 43.125
17.257 43.812
18.217 44.5
19.177 45.062
20.137 45.687
21.097 46.187
22.097 46.687
23.097 47.187
24.057 47.687
25.017 48.062
25.977 48.5
26.937 48.875
27.897 49.25
28.857 49.562
29.817 49.875
30.777 50.187
31.737 50.437
32.697 50.687
33.657 51.0
34.617 51.25
35.577 51.437
36.537 51.687
37.497 51.875
38.457 52.062
39.417 52.25
40.377 52.375
41.337 52.562
42.297 52.75
43.257 52.875
44.217 53.062
45.177 53.187
46.137 53.312
47.097 53.375
48.057 53.5
49.017 53.625
49.977 53.687
50.937 53.812
51.897 53.875
52.857 53.937
53.817 54.062
54.777 54.125
55.737 54.187
56.697 54.25
57.657 54.312
58.617 54.375
59.577 54.437
60.537 54.5
61.497 54.562
62.457 54.562
63.417 54.625
64.377 54.687
65.337 54.687
66.297 54.75
67.257 54.812
68.217 54.812
69.177 54.875
70.137 54.875
71.097 54.937
72.057 55.0
73.017 55.0
73.977 55.0
74.937 55.062
75.897 55.062
76.857 55.125
77.817 55.125
78.777 55.125
79.737 55.187
80.697 55.187
81.657 55.187
82.617 55.25
83.577 55.25
84.537 55.25
85.497 55.312
86.457 55.312
87.417 55.312
88.377 55.375
89.337 55.375
90.297 55.375
91.257 55.375
92.217 55.375
93.177 55.375
94.137 55.437
95.097 55.437
96.057 55.437
97.017 55.437
97.977 55.437
98.937 55.437
99.897 55.5
100.857 55.437
101.817 55.5
102.777 55.5
103.737 55.437
104.697 55.5
105.657 55.5
106.617 55.5
107.577 55.5
108.537 55.5
109.497 55.5
110.457 55.5
111.417 55.5
112.377 55.5
113.337 55.5
114.297 55.5
115.257 55.5
116.217 55.562
117.177 55.562
118.137 55.562
119.097 55.562
120.057 55.562
121.017 55.562
121.977 55.562
122.937 55.562
123.897 55.562
124.857 55.562
125.817 55.562
126.777 55.562
127.737 55.562
128.697 55.562
129.657 55.562
130.617 55.562
131.577 55.562
132.537 55.562
133.497 55.562
134.457 55.562
135.417 55.562
136.377 55.562
137.337 55.562
138.297 55.562
139.257 55.562
140.217 55.562
141.177 55.562
142.137 55.562
143.097 55.5
144.057 55.562
145.017 55.5
145.977 55.5
146.937 55.5
147.897 55.5
148.857 55.5
149.817 55.437
150.777 55.437
151.737 55.437
152.697 55.437
153.657 55.437
