4.697 29.687
5.646 29.75
6.606 29.75
7.566 29.812
8.527 30.0
9.486 30.187
10.446 30.312
11.407 30.562
12.366 30.687
13.326 30.812
14.286 31.0
15.246 31.125
16.207 31.25
17.17 31.312
18.126 31.5
19.087 31.562
20.046 31.687
21.007 31.75
21.966 31.875
22.926 31.937
23.887 32.062
24.851 32.062
25.806 32.187
26.766 32.25
27.726 32.312
28.686 32.375
29.646 32.375
30.606 32.437
31.566 32.5
32.526 32.562
33.486 32.562
34.446 32.625
35.407 32.687
36.366 32.687
37.327 32.75
38.286 32.812
39.246 32.812
40.206 32.875
41.166 32.875
42.126 32.937
43.087 32.937
44.046 33.0
45.007 33.0
45.966 33.062
46.926 33.062
47.886 33.062
48.846 33.062
49.807 33.125
50.766 33.125
51.726 33.125
52.686 33.187
53.646 33.187
54.607 33.187
55.567 33.25
56.526 33.25
57.486 33.25
58.446 33.25
59.407 33.25
60.366 33.312
61.326 33.312
62.286 33.25
63.246 33.312
64.207 33.312
65.166 33.375
66.126 33.312
67.086 33.375
68.046 33.375
69.007 33.375
69.966 33.375
70.926 33.375
71.886 33.375
72.846 33.375
73.806 33.375
74.766 33.375
75.726 33.375
76.686 33.375
77.651 33.375
78.606 33.375
79.566 33.437
80.527 33.437
81.486 33.437
82.446 33.437
83.407 33.437
84.367 33.437
85.326 33.437
86.286 33.437
87.246 33.437
88.206 33.437
89.166 33.437
90.126 33.437
91.086 33.437
92.046 33.437
93.006 33.437
93.967 33.437
94.926 33.437
95.887 33.437
96.846 33.437
97.806 33.5
98.766 33.437
