7.491 25.437
8.451 25.875
9.411 26.437
10.371 27.0
11.331 27.5
12.291 28.062
13.251 28.5
14.211 28.937
15.171 29.375
16.131 29.75
17.091 30.125
18.051 30.437
19.011 30.75
19.971 31.062
20.931 31.312
21.891 31.562
22.851 31.812
23.811 32.062
24.771 32.25
25.731 32.437
26.692 32.625
27.651 32.812
28.611 32.937
29.571 33.125
30.532 33.25
31.491 33.375
32.451 33.5
33.411 33.687
34.371 33.75
35.331 33.875
36.291 34.0
37.251 34.125
38.211 34.187
39.171 34.25
40.131 34.375
41.092 34.437
42.051 34.5
43.013 34.562
43.971 34.625
44.931 34.687
45.891 34.75
46.851 34.812
47.811 34.875
48.771 34.937
49.731 34.937
50.691 35.0
51.654 35.062
52.611 35.0
53.571 34.937
