0.927 25.687
1.887 25.687
2.847 25.687
3.807 25.625
4.767 25.687
5.647 25.625
6.607 26.187
7.567 27.062
8.527 28.062
9.487 28.937
10.447 29.812
11.407 30.625
12.367 31.437
13.327 32.187
14.287 32.875
15.247 33.437
16.207 34.062
17.167 34.625
18.127 35.187
19.087 35.687
20.047 36.125
21.007 36.562
21.967 37.0
22.927 37.375
23.887 37.75
24.847 38.125
25.807 38.5
26.767 38.75
27.727 39.125
28.687 39.375
29.647 39.687
30.607 39.937
31.567 40.187
32.527 40.437
33.487 40.687
34.448 40.937
35.407 41.062
36.367 41.312
37.327 41.5
38.287 41.687
39.247 41.875
40.207 42.0
41.168 42.187
42.127 42.375
43.087 42.5
44.047 42.625
45.007 42.75
45.967 42.875
47.087 43.0
