4.62 26.875
5.58 26.75
6.54 26.687
7.5 26.687
8.46 26.625
9.42 26.562
10.38 26.5
11.34 26.437
12.3 26.437
13.26 26.375
14.22 26.312
15.18 26.312
16.14 26.25
17.1 26.187
18.06 26.25
19.02 26.187
19.98 26.125
20.98 26.125
21.9 26.125
22.86 26.062
23.82 26.062
24.78 26.062
25.74 26.062
26.7 26.0
27.66 26.0
28.62 26.0
29.58 26.0
30.54 26.0
31.5 26.0
32.46 25.937
33.42 25.937
34.38 25.937
35.34 25.937
36.3 25.937
37.26 25.875
38.22 25.875
39.18 25.875
40.14 25.875
41.1 25.875
42.064 25.875
43.02 25.875
43.98 25.875
44.94 25.875
45.9 25.875
46.86 25.875
47.82 25.812
48.78 25.875
49.74 25.875
50.7 25.812
51.66 25.812
52.62 25.812
53.58 25.812
54.54 25.812
55.5 25.812
56.46 25.812
57.42 25.812
58.384 25.812
59.42 25.812
