5.665 28.75
6.626 28.437
7.585 27.812
8.545 27.062
9.505 26.375
10.465 25.75
11.425 25.125
12.385 24.562
13.345 24.062
14.305 23.625
15.265 23.187
16.225 22.687
17.185 22.312
18.145 21.937
19.105 21.625
20.065 21.312
21.025 21.0
21.985 20.75
22.945 20.437
23.905 20.187
24.865 19.937
25.826 19.75
26.785 19.5
27.745 19.312
28.705 19.125
29.665 18.937
30.626 18.75
31.585 18.625
32.545 18.5
33.505 18.312
34.465 18.187
35.426 18.062
36.385 17.937
37.345 17.812
38.306 17.75
39.265 17.625
40.226 17.5
41.185 17.437
42.145 17.312
43.105 17.312
44.065 17.125
45.025 17.125
45.985 17.0
46.946 16.937
47.905 16.875
48.865 16.812
49.826 16.75
50.785 16.687
51.745 16.625
52.705 16.562
53.665 16.562
54.625 16.5
55.585 16.5
56.545 16.437
57.505 16.375
58.465 16.312
59.426 16.312
60.395 16.25
61.346 16.25
62.305 16.25
63.265 16.187
64.225 16.125
65.185 16.125
66.155 16.125
67.115 16.062
68.065 16.062
69.025 16.062
69.986 16.0
70.945 16.0
71.905 15.937000000000001
72.865 15.937000000000001
73.825 15.937000000000001
74.785 15.875
75.745 15.875
76.705 15.875
77.665 15.875
78.625 15.875
79.585 15.875
80.545 15.812000000000001
81.505 15.812000000000001
82.465 15.812000000000001
83.426 15.812000000000001
84.385 15.812000000000001
85.345 15.75
86.305 15.75
87.265 15.75
88.226 15.75
89.186 15.687000000000001
90.145 15.75
91.105 15.687000000000001
92.065 15.687000000000001
93.026 15.687000000000001
93.985 15.687000000000001
94.945 15.687000000000001
95.905 15.687000000000001
96.865 15.687000000000001
97.826 15.687000000000001
98.785 15.687000000000001
99.745 15.625
100.706 15.625
101.665 15.687000000000001
102.625 15.687000000000001
103.585 15.625
104.545 15.625
105.505 15.625
106.466 15.625
107.426 15.625
108.385 15.625
109.345 15.625
110.305 15.625
111.265 15.562000000000001
113.105 15.625
114.065 15.625
115.025 15.625
115.985 15.562000000000001
116.945 15.562000000000001
117.905 15.562000000000001
118.865 15.562000000000001
119.825 15.562000000000001
120.786 15.562000000000001
121.745 15.562000000000001
122.705 15.562000000000001
123.665 15.562000000000001
124.625 15.562000000000001
125.585 15.562000000000001
126.545 15.562000000000001
127.505 15.562000000000001
128.466 15.562000000000001
129.425 15.562000000000001
130.385 15.562000000000001
131.345 15.562000000000001
132.305 15.562000000000001
133.266 15.562000000000001
134.225 15.562000000000001
135.185 15.562000000000001
136.145 15.562000000000001
0.893 23.75
1.893 23.75
2.893 23.812
3.854 23.875
4.813 23.875
5.773 23.937
6.733 23.937
7.693 24.0
8.653 23.687
9.613 23.187
10.573 22.75
11.533 22.25
12.493 21.875
13.454 21.437
14.413 21.062
15.373 20.687
16.333 20.375
17.293 20.062
18.254 19.812
19.213 19.5
20.173 19.25
21.133 19.0
22.093 19.0
23.053 18.562
24.014 18.375
24.973 18.187
25.933 18.062
26.893 17.875
27.854 17.75
28.813 17.562
29.773 17.437
30.733 17.312
31.693 17.187
32.653 17.062
33.613 16.937
34.573 16.812
35.533 16.75
36.493 16.625
37.453 16.562
38.413 16.437
39.373 16.375
40.333 16.312
41.293 16.187
42.253 16.125
43.213 16.062
44.173 16.0
45.133 15.937000000000001
46.093 15.875
47.053 15.812000000000001
48.013 15.812000000000001
48.973 15.687000000000001
49.933 15.687000000000001
50.893 15.625
51.853 15.562000000000001
52.813 15.562000000000001
53.773 15.5
54.733 15.5
55.693 15.437000000000001
56.653 15.375
57.613 15.375
58.653 15.375
59.613 15.312000000000001
60.574 15.25
61.533 15.25
62.493 15.25
63.454 15.25
64.413 15.25
65.373 15.187000000000001
66.333 15.187000000000001
67.293 15.125
68.253 15.125
69.213 15.125
70.173 15.125
71.133 15.062000000000001
72.093 15.125
73.053 15.062000000000001
74.013 15.062000000000001
74.973 15.0
75.933 15.0
76.893 15.0
77.853 15.0
78.813 15.0
79.773 15.0
80.733 15.0
81.693 15.0
82.653 15.0
83.613 15.0
84.573 15.0
85.533 14.937000000000001
86.493 14.937000000000001
87.453 14.937000000000001
88.413 14.937000000000001
89.373 14.937000000000001
90.333 14.937000000000001
91.293 14.937000000000001
92.254 14.937000000000001
93.213 14.875
94.173 14.937000000000001
95.133 14.875
96.093 14.875
97.053 14.875
98.013 14.937000000000001
98.973 14.875
99.933 14.875
100.893 14.875
101.853 14.875
102.813 14.875
103.773 14.875
104.733 14.875
105.693 14.875
106.654 14.875
107.613 14.875
108.573 14.875
109.693 14.875
