6.689 29.5
7.649 29.687
8.689 30.437
9.649 31.25
10.609 32.062
11.569 32.812
12.529 33.5
13.489 34.125
14.449 34.75
15.409 35.375
16.369 35.875
17.329 36.375
18.289 36.812
19.249 37.25
20.209 37.625
21.169 38.0
22.129 38.375
23.089 38.75
24.049 39.062
25.009 39.312
25.969 39.625
26.929 39.875
27.889 40.125
28.849 40.375
29.809 40.625
30.769 40.812
31.729 41.0
32.689 41.187
33.649 41.375
34.609 41.562
35.569 41.75
36.529 41.875
37.489 42.0
38.449 42.125
39.409 42.312
40.369 42.437
41.329 42.562
42.289 42.625
43.249 42.75
44.209 42.875
45.169 43.0
46.129 43.062
47.089 43.125
48.049 43.187
49.009 43.25
49.969 43.375
50.929 43.437
51.889 43.5
52.849 43.562
53.809 43.625
54.769 43.687
55.729 43.75
56.689 43.812
57.649 43.875
58.609 43.937
59.569 43.937
60.529 44.0
61.489 44.062
62.449 44.062
63.409 44.125
64.369 44.125
65.329 44.187
66.289 44.187
67.249 44.25
68.209 44.25
69.169 44.312
70.129 44.312
71.089 44.375
72.049 44.375
73.009 44.375
73.969 44.437
74.929 44.437
75.889 44.437
76.849 44.437
77.809 44.5
78.769 44.5
79.729 44.5
80.689 44.562
81.649 44.562
82.609 44.562
83.57 44.562
84.529 44.625
85.489 44.625
86.449 44.625
87.409 44.625
88.369 44.625
89.329 44.625
90.289 44.625
91.249 44.687
92.209 44.687
93.169 44.687
94.129 44.687
95.089 44.687
96.049 44.75
97.009 44.75
97.969 44.687
98.929 44.75
99.889 44.75
100.849 44.75
101.809 44.75
102.769 44.75
103.729 44.75
104.689 44.75
105.649 44.812
106.609 44.812
107.569 44.812
108.529 44.812
109.489 44.812
110.449 44.812
111.409 44.812
112.369 44.812
113.329 44.812
114.289 44.812
115.249 44.812
116.209 44.812
117.169 44.812
118.129 44.812
119.089 44.812
120.049 44.812
121.009 44.812
121.969 44.812
122.929 44.812
123.889 44.812
124.849 44.812
125.809 44.812
127.649 44.812
