3.818 29.562
4.778 29.875
5.738 30.437
6.698 31.125
7.659 31.687
8.618 32.25
9.578 32.812
10.538 33.25
11.498 33.75
12.458 34.187
13.418 34.562
14.378 34.937
15.338 35.25
16.299 35.25
17.258 35.875
18.218 36.187
19.178 36.437
20.138 36.687
21.098 36.937
22.058 37.125
23.018 37.375
23.979 37.562
24.938 37.75
25.898 37.937
26.858 38.062
27.818 38.25
28.778 38.375
29.738 38.5
30.698 38.687
31.658 38.812
32.618 38.875
33.578 39.0
34.538 39.125
35.498 39.25
36.458 39.25
37.418 39.375
38.378 39.437
39.338 39.562
40.298 39.625
41.258 39.687
42.218 39.75
43.178 39.812
44.138 39.875
45.098 39.937
46.058 40.0
47.058 40.062
48.059 40.125
49.018 40.187
49.978 40.25
50.938 40.25
51.898 40.312
52.859 40.312
53.818 40.375
54.778 40.375
55.738 40.437
56.698 40.437
57.659 40.5
58.618 40.5
59.578 40.562
60.538 40.562
61.498 40.625
62.458 40.625
63.418 40.625
64.378 40.625
65.338 40.687
66.298 40.687
67.258 40.687
68.218 40.687
69.178 40.75
70.138 40.75
71.098 40.75
72.058 40.75
73.018 40.75
73.978 40.75
74.939 40.75
75.898 40.75
76.858 40.75
77.818 40.812
78.778 40.812
79.738 40.812
80.698 40.812
81.658 40.812
82.618 40.812
83.578 40.812
84.539 40.812
85.499 40.812
86.459 40.812
87.418 40.812
88.378 40.812
89.338 40.812
90.298 40.812
91.258 40.812
92.218 40.812
93.178 40.875
94.138 40.812
95.098 40.812
96.058 40.875
97.018 40.875
97.978 40.875
98.938 40.875
99.898 40.812
100.858 40.812
101.818 40.875
102.778 40.812
103.738 40.812
104.698 40.812
105.658 40.812
106.618 40.812
107.578 40.812
108.538 40.812
109.508 40.812
