5.681 28.062
6.641 28.125
7.601 28.25
8.561 28.312
9.521 28.375
10.481 28.437
11.441 28.5
12.401 28.562
13.361 28.687
14.321 28.687
15.281 28.75
16.241 28.812
17.201 28.875
18.161 28.937
19.161 29.0
20.161 29.0
21.121 29.0
22.081 29.062
23.041 29.125
24.001 29.125
24.961 29.187
25.921 29.187
26.881 29.25
27.841 29.25
28.801 29.312
29.761 29.312
30.721 29.312
31.681 29.312
32.641 29.375
33.601 29.375
34.561 29.375
35.521 29.437
36.481 29.437
37.441 29.437
38.401 29.5
39.361 29.5
40.321 29.5
41.281 29.5
42.241 29.5
43.201 29.562
44.161 29.562
45.121 29.562
46.081 29.562
47.041 29.562
48.001 29.625
48.961 29.625
49.921 29.625
50.881 29.562
51.841 29.625
52.801 29.625
53.761 29.625
54.721 29.625
55.681 29.625
56.641 29.625
57.601 29.625
58.561 29.687
59.602 29.687
