7.514 26.812
8.474 26.375
9.435 25.812
10.394 25.25
11.354 24.687
12.314 24.187
13.274 23.687
14.234 23.25
15.194 22.875
16.154 22.5
17.114 22.125
18.074 21.812
19.034 21.5
19.994 21.25
20.955 20.937
21.914 20.687
22.874 20.5
23.834 20.25
24.794 20.0
25.754 19.812
26.714 19.687
27.674 19.5
28.634 19.312
29.594 19.187
30.554 19.0
31.514 18.875
32.474 18.75
33.434 18.625
34.394 18.5
35.354 18.437
36.314 18.312
37.274 18.25
38.234 18.125
39.194 18.0
40.155 17.937
41.114 17.875
42.074 17.812
43.034 17.687
43.994 17.625
44.954 17.562
45.914 17.5
46.874 17.375
47.834 17.375
48.794 17.312
49.754 17.312
50.714 17.25
51.674 17.187
52.635 17.125
53.594 17.125
54.554 17.062
55.514 17.0
56.474 17.0
57.514 16.937
58.474 16.937
59.434 16.875
60.394 16.875
61.354 16.875
62.314 16.812
63.274 16.812
64.234 16.75
65.195 16.75
66.154 16.687
67.114 16.687
68.074 16.687
69.034 16.687
69.994 16.625
70.954 16.625
71.914 16.625
72.874 16.625
73.834 16.562
74.794 16.562
75.754 16.562
76.714 16.5
77.674 16.5
78.634 16.5
79.599 16.5
80.554 16.5
81.514 16.437
82.474 16.437
83.434 16.437
84.394 16.437
85.354 16.437
86.314 16.437
87.274 16.437
88.234 16.437
89.194 16.375
90.154 16.375
91.114 16.375
92.074 16.375
93.034 16.375
93.995 16.375
94.954 16.375
95.914 16.375
96.874 16.375
97.835 16.312
98.794 16.375
