3.797 27.75
4.757 27.687
5.717 27.437
6.677 27.187
7.637 27.0
8.597 26.75
9.557 26.562
10.517 26.375
11.477 26.125
12.437 26.0
13.397 25.812
14.357 25.687
15.317 25.562
16.277 25.437
17.237 25.312
18.197 25.187
19.157 25.125
20.117 25.0
21.077 24.937
22.037 24.812
22.997 24.75
23.957 24.687
24.917 24.625
25.877 24.562
26.837 24.5
27.797 24.437
28.757 24.375
29.717 24.312
30.677 24.25
31.637 24.187
32.597 24.187
33.557 24.125
34.517 24.125
35.477 24.062
36.437 24.0
37.397 23.937
38.357 23.937
39.317 23.937
40.277 23.875
41.237 23.875
42.197 23.812
43.157 23.812
44.117 23.75
45.077 23.75
46.037 23.75
46.997 23.75
47.957 23.687
48.917 23.687
49.877 23.687
50.837 23.687
51.797 23.625
52.757 23.625
53.717 23.625
54.677 23.562
55.637 23.562
56.597 23.562
57.557 23.562
58.517 23.562
59.481 23.562
60.437 23.562
61.397 23.5
62.357 23.5
63.317 23.5
64.277 23.5
65.237 23.5
66.197 23.437
67.157 23.437
68.117 23.437
69.077 23.437
70.037 23.437
70.997 23.437
71.957 23.437
72.917 23.437
73.877 23.437
74.837 23.437
75.797 23.375
76.757 23.437
77.717 23.437
78.677 23.375
79.637 23.375
80.597 23.375
81.557 23.375
82.517 23.375
83.477 23.375
84.437 23.375
85.397 23.375
86.357 23.375
87.317 23.375
88.277 23.312
89.247 23.375
90.197 23.312
91.157 23.312
92.117 23.312
93.157 23.312
94.117 23.375
95.077 23.312
96.037 23.375
