51.761 25.562
52.721 25.75
53.681 26.062
54.641 26.25
55.601 26.5
56.561 26.687
57.521 26.875
58.481 27.062
59.441 27.25
60.401 27.437
61.361 27.562
62.321 27.75
63.281 27.875
64.241 28.0
65.201 28.125
66.161 28.25
67.121 28.312
68.081 28.437
69.041 28.562
70.001 28.625
70.961 28.75
71.921 28.812
72.961 28.875
73.921 28.937
74.881 29.0
75.841 29.062
76.801 29.125
77.761 29.187
78.721 29.25
79.681 29.312
80.641 29.375
81.601 29.375
82.561 29.437
83.521 29.5
84.481 29.5
85.441 29.562
86.401 29.625
87.361 29.625
88.321 29.625
89.282 29.625
